Node_ID,TX_Count,X,Y
0,100221,1,0
0,100221,2,0
0,100221,3,0
0,100221,4,0
0,100221,5,0
0,100221,6,0
0,100221,7,0
0,100221,8,0
0,100221,9,0
0,100221,10,0
0,100221,11,0
0,100221,12,0
0,100221,13,0
0,100221,14,0
0,100221,15,0
0,100221,16,0
0,100221,17,0
0,100221,18,0
0,100221,19,0
0,100221,20,0
0,100221,21,0
0,100221,22,0
0,100221,23,0
0,100221,24,0
0,100221,25,0
0,100221,26,0
0,100221,27,0
0,100221,28,0
0,100221,29,0
0,100221,30,0
0,100221,31,0
0,100221,32,0
0,100221,33,0
0,100221,34,0
0,100221,35,0
0,100221,36,0
0,100221,37,0
0,100221,38,0
0,100221,39,0
0,100221,40,0
