Node_ID,Overflowed,Timed_Out
0,59,0
-1,0,0
0,59,0
-1,0,0
0,59,0
-1,0,0
0,59,0
-1,0,0
0,59,0
-1,0,0
0,59,0
-1,0,0
0,59,0
-1,0,0
0,59,0
-1,0,0
0,59,0
-1,0,0
0,59,0
-1,0,0
0,59,0
-1,0,0
0,59,0
-1,0,0
0,59,0
-1,0,0
0,59,0
-1,0,0
0,59,0
-1,0,0
0,59,0
-1,0,0
0,59,0
-1,0,0
0,59,0
-1,0,0
0,59,0
-1,0,0
0,59,0
-1,0,0
0,59,0
-1,0,0
0,59,0
-1,0,0
0,59,0
-1,0,0
0,59,0
-1,0,0
0,59,0
-1,0,0
0,59,0
-1,0,0
0,59,0
-1,0,0
0,59,0
-1,0,0
0,59,0
-1,0,0
0,59,0
-1,0,0
0,59,0
-1,0,0
0,59,0
-1,0,0
0,59,0
-1,0,0
0,59,0
-1,0,0
0,59,0
-1,0,0
0,59,0
-1,0,0
0,59,0
-1,0,0
0,59,0
-1,0,0
0,59,0
-1,0,0
0,59,0
-1,0,0
