NodeID,Collisions
0,1343857
1,1343857
2,1343857
3,1343857
4,1343857
5,1343857
6,1343857
7,1343857
8,1343857
9,1343857
10,1343857
11,1343857
12,1343857
13,1343857
14,1343857
15,1343857
0,1347058
1,1347058
2,1347058
3,1347058
4,1347058
5,1347058
6,1347058
7,1347058
8,1347058
9,1347058
10,1347058
11,1347058
12,1347058
13,1347058
14,1347058
15,1347058
0,1339260
1,1339260
2,1339260
3,1339260
4,1339260
5,1339260
6,1339260
7,1339260
8,1339260
9,1339260
10,1339260
11,1339260
12,1339260
13,1339260
14,1339260
15,1339260
0,1260193
1,1260193
2,1260193
3,1260193
4,1260193
5,1260193
6,1260193
7,1260193
8,1260193
9,1260193
10,1260193
11,1260193
12,1260193
13,1260193
14,1260193
15,1260193
0,1235928
1,1235928
2,1235928
3,1235928
4,1235928
5,1235928
6,1235928
7,1235928
8,1235928
9,1235928
10,1235928
11,1235928
12,1235928
13,1235928
14,1235928
15,1235928
0,878334
1,878334
2,878334
3,878334
4,878334
5,878334
6,878334
7,878334
8,878334
9,878334
10,878334
11,878334
12,878334
13,878334
14,878334
15,878334
0,930233
1,930233
2,930233
3,930233
4,930233
5,930233
6,930233
7,930233
8,930233
9,930233
10,930233
11,930233
12,930233
13,930233
14,930233
15,930233
0,974020
1,974020
2,974020
3,974020
4,974020
5,974020
6,974020
7,974020
8,974020
9,974020
10,974020
11,974020
12,974020
13,974020
14,974020
15,974020
0,1258259
1,1258259
2,1258259
3,1258259
4,1258259
5,1258259
6,1258259
7,1258259
8,1258259
9,1258259
10,1258259
11,1258259
12,1258259
13,1258259
14,1258259
15,1258259
0,1513391
1,1513391
2,1513391
3,1513391
4,1513391
5,1513391
6,1513391
7,1513391
8,1513391
9,1513391
10,1513391
11,1513391
12,1513391
13,1513391
14,1513391
15,1513391
0,1503262
1,1503262
2,1503262
3,1503262
4,1503262
5,1503262
6,1503262
7,1503262
8,1503262
9,1503262
10,1503262
11,1503262
12,1503262
13,1503262
14,1503262
15,1503262
0,1086327
1,1086327
2,1086327
3,1086327
4,1086327
5,1086327
6,1086327
7,1086327
8,1086327
9,1086327
10,1086327
11,1086327
12,1086327
13,1086327
14,1086327
15,1086327
0,1221099
1,1221099
2,1221099
3,1221099
4,1221099
5,1221099
6,1221099
7,1221099
8,1221099
9,1221099
10,1221099
11,1221099
12,1221099
13,1221099
14,1221099
15,1221099
0,977684
1,977684
2,977684
3,977684
4,977684
5,977684
6,977684
7,977684
8,977684
9,977684
10,977684
11,977684
12,977684
13,977684
14,977684
15,977684
0,1283358
1,1283358
2,1283358
3,1283358
4,1283358
5,1283358
6,1283358
7,1283358
8,1283358
9,1283358
10,1283358
11,1283358
12,1283358
13,1283358
14,1283358
15,1283358
0,1074181
1,1074181
2,1074181
3,1074181
4,1074181
5,1074181
6,1074181
7,1074181
8,1074181
9,1074181
10,1074181
11,1074181
12,1074181
13,1074181
14,1074181
15,1074181
0,1287443
1,1287443
2,1287443
3,1287443
4,1287443
5,1287443
6,1287443
7,1287443
8,1287443
9,1287443
10,1287443
11,1287443
12,1287443
13,1287443
14,1287443
15,1287443
0,1339260
1,1339260
2,1339260
3,1339260
4,1339260
5,1339260
6,1339260
7,1339260
8,1339260
9,1339260
10,1339260
11,1339260
12,1339260
13,1339260
14,1339260
15,1339260
0,1373500
1,1373500
2,1373500
3,1373500
4,1373500
5,1373500
6,1373500
7,1373500
8,1373500
9,1373500
10,1373500
11,1373500
12,1373500
13,1373500
14,1373500
15,1373500
0,1310913
1,1310913
2,1310913
3,1310913
4,1310913
5,1310913
6,1310913
7,1310913
8,1310913
9,1310913
10,1310913
11,1310913
12,1310913
13,1310913
14,1310913
15,1310913
