NodeID,Collisions
0,38852
1,38852
2,38852
3,38852
4,38852
5,38852
6,38852
7,38852
0,83408
1,83408
2,83408
3,83408
4,83408
5,83408
6,83408
7,83408
0,108688
1,108688
2,108688
3,108688
4,108688
5,108688
6,108688
7,108688
0,2555
1,2555
2,2555
3,2555
4,2555
5,2555
6,2555
7,2555
0,112250
1,112250
2,112250
3,112250
4,112250
5,112250
6,112250
7,112250
0,86959
1,86959
2,86959
3,86959
4,86959
5,86959
6,86959
7,86959
0,17296
1,17296
2,17296
3,17296
4,17296
5,17296
6,17296
7,17296
0,177238
1,177238
2,177238
3,177238
4,177238
5,177238
6,177238
7,177238
0,36647
1,36647
2,36647
3,36647
4,36647
5,36647
6,36647
7,36647
0,84242
1,84242
2,84242
3,84242
4,84242
5,84242
6,84242
7,84242
0,11434
1,11434
2,11434
3,11434
4,11434
5,11434
6,11434
7,11434
0,122059
1,122059
2,122059
3,122059
4,122059
5,122059
6,122059
7,122059
0,26419
1,26419
2,26419
3,26419
4,26419
5,26419
6,26419
7,26419
0,61669
1,61669
2,61669
3,61669
4,61669
5,61669
6,61669
7,61669
0,26623
1,26623
2,26623
3,26623
4,26623
5,26623
6,26623
7,26623
0,1567
1,1567
2,1567
3,1567
4,1567
5,1567
6,1567
7,1567
0,92389
1,92389
2,92389
3,92389
4,92389
5,92389
6,92389
7,92389
0,25418
1,25418
2,25418
3,25418
4,25418
5,25418
6,25418
7,25418
0,128254
1,128254
2,128254
3,128254
4,128254
5,128254
6,128254
7,128254
0,171841
1,171841
2,171841
3,171841
4,171841
5,171841
6,171841
7,171841
