SenderID,SequenceNum
0,1416
0,2229
0,2747
0,3234
0,3487
0,4331
0,4681
0,4910
0,6049
0,6765
0,7675
0,9486
0,11356
0,11440
0,11514
0,11650
0,11818
0,12607
0,13334
0,13996
0,15283
0,15966
0,17162
0,17728
0,18075
0,18385
0,18767
0,19812
0,20336
0,20489
0,20743
0,21665
0,21974
0,22067
0,22667
0,22714
0,23369
0,24726
0,26294
0,26645
0,27551
0,27622
0,27800
0,28110
0,31512
0,32160
0,33902
0,34442
0,34637
0,35478
0,35803
0,36677
0,37604
0,37938
0,38028
0,38490
0,38704
0,39093
0,39655
0,39813
0,40628
0,41065
0,41382
0,41584
0,42065
0,42523
0,43476
0,44069
0,44673
0,44869
0,45292
0,45304
0,46349
0,48715
0,49064
0,49181
0,49438
0,49865
0,50467
0,50753
0,50859
0,51126
0,51517
0,51539
0,52543
0,52759
0,53030
0,53850
0,54881
0,54910
0,55215
0,55827
0,55870
0,56527
0,57458
0,58489
0,59830
0,60615
0,62795
0,63682
0,63885
0,65587
0,65750
0,66068
0,66303
0,68021
0,68854
0,69706
0,69969
0,70487
0,70748
0,71083
0,71619
0,73667
0,74596
0,74767
0,74825
0,75506
0,75839
0,76036
0,76237
0,76347
0,76759
0,76999
0,77272
0,77572
0,78546
0,79639
0,80894
0,81182
0,82535
0,84268
0,85526
0,86164
0,86543
0,86675
0,86798
0,87088
0,87171
0,87247
0,88063
0,88072
0,88099
0,88420
0,88638
0,89203
0,89290
0,89900
0,90112
0,90150
0,90320
0,90855
0,91439
0,92276
0,92438
0,92454
0,93098
0,94036
0,94256
0,94432
0,98238
0,98295
0,98421
0,99633
=,=
