NodeID,Collisions
0,1319661
1,1319661
2,1319661
3,1319661
4,1319661
5,1319661
6,1319661
7,1319661
8,1319661
9,1319661
10,1319661
11,1319661
12,1319661
13,1319661
14,1319661
15,1319661
16,1319661
17,1319661
0,1319278
1,1319278
2,1319278
3,1319278
4,1319278
5,1319278
6,1319278
7,1319278
8,1319278
9,1319278
10,1319278
11,1319278
12,1319278
13,1319278
14,1319278
15,1319278
16,1319278
17,1319278
0,1709721
1,1709721
2,1709721
3,1709721
4,1709721
5,1709721
6,1709721
7,1709721
8,1709721
9,1709721
10,1709721
11,1709721
12,1709721
13,1709721
14,1709721
15,1709721
16,1709721
17,1709721
0,1463098
1,1463098
2,1463098
3,1463098
4,1463098
5,1463098
6,1463098
7,1463098
8,1463098
9,1463098
10,1463098
11,1463098
12,1463098
13,1463098
14,1463098
15,1463098
16,1463098
17,1463098
0,1271331
1,1271331
2,1271331
3,1271331
4,1271331
5,1271331
6,1271331
7,1271331
8,1271331
9,1271331
10,1271331
11,1271331
12,1271331
13,1271331
14,1271331
15,1271331
16,1271331
17,1271331
0,1159037
1,1159037
2,1159037
3,1159037
4,1159037
5,1159037
6,1159037
7,1159037
8,1159037
9,1159037
10,1159037
11,1159037
12,1159037
13,1159037
14,1159037
15,1159037
16,1159037
17,1159037
0,1218327
1,1218327
2,1218327
3,1218327
4,1218327
5,1218327
6,1218327
7,1218327
8,1218327
9,1218327
10,1218327
11,1218327
12,1218327
13,1218327
14,1218327
15,1218327
16,1218327
17,1218327
0,1167045
1,1167045
2,1167045
3,1167045
4,1167045
5,1167045
6,1167045
7,1167045
8,1167045
9,1167045
10,1167045
11,1167045
12,1167045
13,1167045
14,1167045
15,1167045
16,1167045
17,1167045
0,1178231
1,1178231
2,1178231
3,1178231
4,1178231
5,1178231
6,1178231
7,1178231
8,1178231
9,1178231
10,1178231
11,1178231
12,1178231
13,1178231
14,1178231
15,1178231
16,1178231
17,1178231
0,1541600
1,1541600
2,1541600
3,1541600
4,1541600
5,1541600
6,1541600
7,1541600
8,1541600
9,1541600
10,1541600
11,1541600
12,1541600
13,1541600
14,1541600
15,1541600
16,1541600
17,1541600
0,1325671
1,1325671
2,1325671
3,1325671
4,1325671
5,1325671
6,1325671
7,1325671
8,1325671
9,1325671
10,1325671
11,1325671
12,1325671
13,1325671
14,1325671
15,1325671
16,1325671
17,1325671
0,1326128
1,1326128
2,1326128
3,1326128
4,1326128
5,1326128
6,1326128
7,1326128
8,1326128
9,1326128
10,1326128
11,1326128
12,1326128
13,1326128
14,1326128
15,1326128
16,1326128
17,1326128
0,1631581
1,1631581
2,1631581
3,1631581
4,1631581
5,1631581
6,1631581
7,1631581
8,1631581
9,1631581
10,1631581
11,1631581
12,1631581
13,1631581
14,1631581
15,1631581
16,1631581
17,1631581
0,1262402
1,1262402
2,1262402
3,1262402
4,1262402
5,1262402
6,1262402
7,1262402
8,1262402
9,1262402
10,1262402
11,1262402
12,1262402
13,1262402
14,1262402
15,1262402
16,1262402
17,1262402
0,1325010
1,1325010
2,1325010
3,1325010
4,1325010
5,1325010
6,1325010
7,1325010
8,1325010
9,1325010
10,1325010
11,1325010
12,1325010
13,1325010
14,1325010
15,1325010
16,1325010
17,1325010
0,1179859
1,1179859
2,1179859
3,1179859
4,1179859
5,1179859
6,1179859
7,1179859
8,1179859
9,1179859
10,1179859
11,1179859
12,1179859
13,1179859
14,1179859
15,1179859
16,1179859
17,1179859
0,1527992
1,1527992
2,1527992
3,1527992
4,1527992
5,1527992
6,1527992
7,1527992
8,1527992
9,1527992
10,1527992
11,1527992
12,1527992
13,1527992
14,1527992
15,1527992
16,1527992
17,1527992
0,1425330
1,1425330
2,1425330
3,1425330
4,1425330
5,1425330
6,1425330
7,1425330
8,1425330
9,1425330
10,1425330
11,1425330
12,1425330
13,1425330
14,1425330
15,1425330
16,1425330
17,1425330
0,1031550
1,1031550
2,1031550
3,1031550
4,1031550
5,1031550
6,1031550
7,1031550
8,1031550
9,1031550
10,1031550
11,1031550
12,1031550
13,1031550
14,1031550
15,1031550
16,1031550
17,1031550
0,1404879
1,1404879
2,1404879
3,1404879
4,1404879
5,1404879
6,1404879
7,1404879
8,1404879
9,1404879
10,1404879
11,1404879
12,1404879
13,1404879
14,1404879
15,1404879
16,1404879
17,1404879
