NodeID,Collisions
0,642059
1,642059
2,642059
3,642059
4,642059
5,642059
6,642059
7,642059
8,642059
9,642059
10,642059
11,642059
12,642059
13,642059
0,643157
1,643157
2,643157
3,643157
4,643157
5,643157
6,643157
7,643157
8,643157
9,643157
10,643157
11,643157
12,643157
13,643157
0,644128
1,644128
2,644128
3,644128
4,644128
5,644128
6,644128
7,644128
8,644128
9,644128
10,644128
11,644128
12,644128
13,644128
0,642791
1,642791
2,642791
3,642791
4,642791
5,642791
6,642791
7,642791
8,642791
9,642791
10,642791
11,642791
12,642791
13,642791
0,642212
1,642212
2,642212
3,642212
4,642212
5,642212
6,642212
7,642212
8,642212
9,642212
10,642212
11,642212
12,642212
13,642212
0,643215
1,643215
2,643215
3,643215
4,643215
5,643215
6,643215
7,643215
8,643215
9,643215
10,643215
11,643215
12,643215
13,643215
0,642178
1,642178
2,642178
3,642178
4,642178
5,642178
6,642178
7,642178
8,642178
9,642178
10,642178
11,642178
12,642178
13,642178
0,643351
1,643351
2,643351
3,643351
4,643351
5,643351
6,643351
7,643351
8,643351
9,643351
10,643351
11,643351
12,643351
13,643351
0,643472
1,643472
2,643472
3,643472
4,643472
5,643472
6,643472
7,643472
8,643472
9,643472
10,643472
11,643472
12,643472
13,643472
0,644343
1,644343
2,644343
3,644343
4,644343
5,644343
6,644343
7,644343
8,644343
9,644343
10,644343
11,644343
12,644343
13,644343
