NodeID,Collisions
0,37240
1,37240
2,37240
3,37240
4,37240
5,37240
6,37240
7,37240
8,37240
9,37240
0,121639
1,121639
2,121639
3,121639
4,121639
5,121639
6,121639
7,121639
8,121639
9,121639
0,337709
1,337709
2,337709
3,337709
4,337709
5,337709
6,337709
7,337709
8,337709
9,337709
0,55169
1,55169
2,55169
3,55169
4,55169
5,55169
6,55169
7,55169
8,55169
9,55169
0,317982
1,317982
2,317982
3,317982
4,317982
5,317982
6,317982
7,317982
8,317982
9,317982
0,216203
1,216203
2,216203
3,216203
4,216203
5,216203
6,216203
7,216203
8,216203
9,216203
0,63311
1,63311
2,63311
3,63311
4,63311
5,63311
6,63311
7,63311
8,63311
9,63311
0,262860
1,262860
2,262860
3,262860
4,262860
5,262860
6,262860
7,262860
8,262860
9,262860
0,69314
1,69314
2,69314
3,69314
4,69314
5,69314
6,69314
7,69314
8,69314
9,69314
0,152907
1,152907
2,152907
3,152907
4,152907
5,152907
6,152907
7,152907
8,152907
9,152907
0,59109
1,59109
2,59109
3,59109
4,59109
5,59109
6,59109
7,59109
8,59109
9,59109
0,372509
1,372509
2,372509
3,372509
4,372509
5,372509
6,372509
7,372509
8,372509
9,372509
0,155506
1,155506
2,155506
3,155506
4,155506
5,155506
6,155506
7,155506
8,155506
9,155506
0,91336
1,91336
2,91336
3,91336
4,91336
5,91336
6,91336
7,91336
8,91336
9,91336
0,53344
1,53344
2,53344
3,53344
4,53344
5,53344
6,53344
7,53344
8,53344
9,53344
0,22460
1,22460
2,22460
3,22460
4,22460
5,22460
6,22460
7,22460
8,22460
9,22460
0,105774
1,105774
2,105774
3,105774
4,105774
5,105774
6,105774
7,105774
8,105774
9,105774
0,203154
1,203154
2,203154
3,203154
4,203154
5,203154
6,203154
7,203154
8,203154
9,203154
0,49331
1,49331
2,49331
3,49331
4,49331
5,49331
6,49331
7,49331
8,49331
9,49331
0,146629
1,146629
2,146629
3,146629
4,146629
5,146629
6,146629
7,146629
8,146629
9,146629
