NodeID,Collisions
0,202054
1,202054
2,202054
3,202054
4,202054
5,202054
0,201369
1,201369
2,201369
3,201369
4,201369
5,201369
0,203589
1,203589
2,203589
3,203589
4,203589
5,203589
0,201416
1,201416
2,201416
3,201416
4,201416
5,201416
0,201593
1,201593
2,201593
3,201593
4,201593
5,201593
0,200580
1,200580
2,200580
3,200580
4,200580
5,200580
0,201694
1,201694
2,201694
3,201694
4,201694
5,201694
0,201043
1,201043
2,201043
3,201043
4,201043
5,201043
0,201840
1,201840
2,201840
3,201840
4,201840
5,201840
0,201224
1,201224
2,201224
3,201224
4,201224
5,201224
