SenderID,SequenceNum
12,2184
3,1274
16,9326
7,19915
0,1305
3,2916
16,18859
9,35834
3,4202
3,4231
11,184875
12,8504
2,6333
1,5727
1,6388
11,238976
16,34815
18,2612
11,269164
16,40653
13,3513
11,311108
2,10550
9,84354
11,378482
18,3832
12,17370
11,398072
16,55249
4,16873
11,432842
11,513773
2,16376
11,549916
9,126773
12,27677
3,15406
11,666247
16,93803
1,19004
2,22402
16,97356
2,23251
2,23448
11,760770
11,768550
16,104468
11,791425
16,107459
12,35648
9,190490
11,854109
16,116801
2,27274
16,118065
19,4704
8,44082
11,899990
12,40491
15,12420
16,127644
0,11855
0,12348
11,1013448
11,1033486
9,233392
2,32776
11,1065263
7,296208
19,5680
13,12609
11,1128433
9,256217
11,1144904
11,1154992
10,22685
1,32263
11,1215204
16,166101
3,30077
8,61948
11,1267290
3,30954
8,64266
11,1330649
16,179947
8,66247
7,374030
19,7207
4,55975
16,185504
18,13819
15,18752
4,58173
9,320618
11,1455904
1,39699
15,20039
4,60929
1,40468
17,15275
11,1584391
1,43365
18,16026
4,66557
11,1630005
12,72699
2,51319
11,1643014
11,1666462
11,1678364
4,72535
11,1789831
9,401719
4,73505
2,56341
16,244647
11,1818632
18,18349
11,1838108
12,81841
2,59158
2,60028
19,10248
15,26363
11,1966461
6,22218
1,54288
9,457797
11,2060544
16,279789
2,65657
11,2108693
2,67046
16,292628
11,2173356
7,602562
9,491912
17,21985
12,99454
11,2242806
17,22547
11,2264716
2,71212
1,63168
4,95729
11,2353489
16,322938
3,59398
=,=
13,4019
8,33074
2,45400
11,34069
2,95562
11,67483
16,64781
19,493550376
12,501553
12,553342
=,=
9,494795
12,1416
9,1157461
9,1351310
9,1604600
17,13726
9,2198367
9,2222069
9,2488646
9,2824356
2,139727
9,3223645
9,3325809
9,3464355
2,170358
9,4112716
9,4209352
2,211472
9,4566894
9,4719804
9,5428427
9,5478611
9,5511556
9,5524560
9,5864583
9,6256791
9,6259355
9,6338363
13,32280
9,6507737
15,26577
9,7003440
13,35377
13,35387
15,28521
9,7637394
9,8075584
9,8268253
9,8390463
9,8483608
9,8498401
9,8617715
9,8668587
9,8782503
18,13376
9,9204729
9,9222818
9,9317300
9,9455155
0,16299
9,9633535
9,9793042
9,10029016
2,490206
9,10046907
9,10174738
3,30326
9,10791109
9,11186947
9,11642880
19,46268
9,12211061
9,12280970
2,603226
9,12544492
9,13121988
13,68219
9,13611389
9,13749207
9,13808762
9,14061441
9,14253765
9,14494030
9,14719911
9,15386255
9,15740336
9,16207778
9,16257245
9,16549394
9,17400531
9,17523837
9,17641065
9,17872832
9,17923400
9,18105225
15,72283
9,18415724
9,18622017
1,19064
9,18952953
13,95779
9,19192364
13,96909
9,19638473
13,101173
9,20169864
2,988554
9,20553811
9,20809318
9,20815314
9,21043068
=,=
7,181
0,2548083
7,92243
7,109536
6,25381
11,2609586
8,47664
0,5340366
7,172478
7,175230
0,7464728
11,4315666
2,45959
0,8959765
=,=
11,1864
9,3224
9,5972
4,7465
18,3217
5,13368
11,4865
13,8049
9,9302
10,14442
9,10712
19,3791
5,20676
3,6217
9,11874
5,22382
13,11857
13,12025
9,13441
4,17021
11,8993
13,14211
9,17204
9,18162
9,18788
9,19735
10,28568
4,24030
4,24393
9,21165
0,6512
0,6653
9,22029
15,7348
9,22929
4,28916
12,64192
9,25632
15,8371
18,12705
10,38111
19,9806
17,10680
9,29429
9,29850
8,84482
4,36061
9,32416
4,37732
10,46871
9,33476
5,63020
9,34186
9,34370
9,34472
1,8414
6,7806
18,17048
13,33430
9,36845
8,104003
9,39260
18,18759
0,12242
18,19329
19,14787
4,51197
9,45687
13,41717
9,47685
3,26590
9,52136
10,74432
8,146998
3,29690
3,29788
17,20027
9,55618
9,57134
9,58642
3,32442
9,60440
15,19625
4,74640
0,19932
2,12717
4,80180
4,80243
5,130234
19,24662
5,132165
9,71206
19,25098
9,74163
9,75039
19,26796
11,47362
4,91266
10,111885
6,17686
1,19208
18,38656
14,12489
13,74847
9,82742
19,29005
9,83300
10,118408
10,121480
9,86761
4,100901
9,87519
5,162669
4,104240
3,49793
0,27806
13,83042
8,248220
9,91234
19,31960
9,92426
19,32396
4,107528
10,131127
9,94244
0,28799
12,239931
13,86915
14,14711
8,263570
10,137633
19,34499
5,186241
4,117348
5,190916
3,57117
4,124084
18,50924
4,124702
10,152955
4,126848
16,47695
4,127817
15,35966
18,52861
9,112593
18,54008
10,160261
9,115244
8,314237
9,117010
5,218190
13,107696
9,118531
4,138624
9,120506
12,304776
9,120820
18,58973
9,125909
4,145300
8,346477
9,127489
9,127988
9,128051
0,39299
9,129748
1,31072
10,184926
3,73248
9,135383
4,157048
9,138158
4,160013
4,160980
9,141188
9,141980
8,387536
19,50222
4,166076
9,144274
3,80074
8,397082
9,148712
9,149214
4,172828
19,52525
15,48752
5,280405
5,281535
4,174758
8,413114
10,212975
9,152715
9,152981
13,140929
0,47221
8,421464
9,154874
9,154917
9,154943
5,289489
=,=
12,1
12,560
5,39
13,147
16,338
0,131
19,111
13,320
13,321
0,340
12,16980
13,532
13,703
18,1036
16,1706
1,1729
0,623
12,30826
14,8060
12,36203
8,1338
12,36718
12,42117
16,2461
1,2569
2,1451
13,1290
14,11530
4,1382
12,48512
13,1432
14,12185
0,1075
14,13933
14,14289
8,2263
15,2997
14,16285
12,68299
15,3323
14,17008
16,4100
12,74310
12,77702
16,4523
12,79877
12,80190
16,4671
16,4934
3,4446
12,91087
12,92043
12,93830
14,23030
14,24712
12,103526
14,25390
7,4821
12,108014
12,108521
12,110431
1,6572
3,6121
14,29319
14,30239
14,30345
8,4758
2,4383
12,134412
0,2856
18,5931
12,141898
13,4217
2,4759
16,8445
14,35531
12,146344
18,6371
12,151447
14,37280
14,37387
2,5067
19,1677
8,5870
12,167890
14,41076
16,9795
11,9111
14,42201
14,42531
12,177276
3,9104
12,181839
12,187679
16,10894
12,189507
12,191925
16,11121
12,193113
7,8691
7,8693
12,194710
12,195182
3,10028
5,3288
1,11588
18,8490
14,48873
12,201902
16,11920
11,11012
12,208490
12,213349
14,51882
16,12359
12,214594
14,52186
14,52378
16,12544
11,11550
18,9399
13,6488
8,8211
16,12972
14,54826
8,8392
14,55758
12,230099
12,230308
12,231753
11,12330
12,234166
3,12030
14,57148
16,13614
14,57590
2,7778
12,238343
12,248659
14,60599
12,249610
12,254490
15,12297
12,255691
12,256020
1,15067
13,7473
7,11591
2,8589
12,263628
12,267590
12,268376
2,8814
12,270470
16,15856
2,9121
12,280138
12,280517
13,8236
1,16699
12,285894
12,286307
12,289812
7,13136
12,295566
13,8666
3,15441
14,73657
13,8834
12,306508
12,308086
14,75738
16,18064
16,18122
12,313527
12,314636
16,18279
12,318022
18,13607
3,16466
6,10634
2,10581
2,10607
3,16759
14,80086
11,17738
3,17160
19,3547
14,83544
14,83596
4,9984
13,10036
14,84476
18,14776
12,350011
14,85965
4,10372
0,7473
14,88465
12,364467
7,16405
16,21162
11,19518
1,21625
13,10712
7,16583
12,371326
3,19077
14,90517
12,373264
1,22052
18,15975
2,12341
13,10960
7,16984
14,93059
3,19697
12,386357
12,390702
14,94945
1,23187
12,398618
8,14685
16,23588
12,407679
18,17339
16,23903
14,100534
16,24009
11,22060
14,101393
14,102091
1,24962
14,103490
12,426906
14,103904
16,24787
12,428932
15,20738
16,24924
0,8873
13,12559
14,105326
12,435744
12,435811
14,106083
14,106121
16,25276
3,22407
12,439044
4,12773
12,441582
16,25598
1,25970
1,26038
4,12888
13,12893
12,446223
12,446976
12,448554
16,26148
16,26303
12,454616
12,461980
3,23796
13,13492
8,17174
14,114349
7,21158
12,473127
13,13749
12,474872
12,474998
14,115487
3,24446
12,477672
16,27654
18,20324
10,11445
14,116485
15,23124
11,25687
8,17745
14,117705
6,16031
12,493265
13,14387
14,120589
13,14413
14,120911
16,28820
16,28896
12,502003
12,502425
18,21376
12,505222
3,25926
1,29675
12,509909
15,24568
1,30022
13,14853
1,30106
6,16966
6,17001
18,21876
14,126501
3,26733
12,521972
13,15173
14,127393
14,127611
12,526941
14,128309
18,22487
3,27171
3,27174
14,128797
12,533328
14,129694
14,130128
16,31073
12,541695
1,31809
14,132102
12,546679
16,31651
14,133631
3,28504
1,32670
16,32262
12,557613
12,557971
15,26916
16,32409
12,561988
12,564028
14,137126
0,11617
12,565587
16,32764
0,11668
12,566998
3,29131
16,32944
6,18861
18,24287
12,573721
11,30692
2,18931
7,26054
14,141168
13,16857
0,12003
2,19102
8,21490
12,588331
1,34652
14,143625
4,17190
16,34625
12,600606
8,22014
8,22113
16,34957
17,11857
11,32350
3,31236
14,148545
13,17753
12,612773
12,614477
2,20133
14,149467
12,615859
14,150487
12,621257
8,22799
12,622506
7,28063
3,32076
14,152533
16,36333
12,628411
11,33577
16,36568
12,636204
4,18499
18,27111
14,155068
16,36962
12,642724
12,643203
18,27343
12,644153
12,648931
13,18837
12,649635
12,649719
12,656448
13,19051
7,29516
12,658188
2,21595
12,659880
1,38722
0,13627
12,662129
12,662734
16,38597
18,28399
13,19451
8,24578
6,22181
1,39474
7,30207
14,163534
12,673648
14,164039
12,676806
12,677678
16,39215
12,679794
12,681159
8,25140
9,28218
12,692187
4,20089
7,31099
14,168543
12,694227
14,168750
14,169059
18,29562
12,695900
16,40414
1,41536
16,40981
8,26004
14,172635
12,711082
2,23308
6,23573
1,41934
14,173753
5,12005
12,720256
14,175310
17,14113
2,23686
12,725817
6,24093
12,732696
17,14337
12,733742
14,178414
3,37806
18,31321
19,7757
12,740818
12,741964
7,33322
14,180351
14,181006
10,17838
12,746170
17,14648
12,749753
16,43418
13,21791
12,753808
7,33846
14,183605
8,27755
12,760959
0,15679
16,44175
5,12844
14,187033
12,769791
8,28215
13,22426
2,25341
5,12940
16,44863
12,775604
12,778662
14,189530
12,781393
3,40124
6,25995
12,787792
4,22889
16,45705
7,35486
8,28979
12,792346
2,26066
12,798510
13,23192
12,801270
11,42644
14,195444
1,47232
12,808058
12,808634
12,809753
16,46876
1,47572
15,39171
7,36529
8,29848
0,16813
13,23718
7,36732
12,819285
15,39505
0,16880
1,48121
12,824139
12,824726
3,42418
12,828421
16,48048
12,833904
13,24215
11,44388
4,24234
7,37550
12,837824
16,48507
12,839442
13,24348
16,48637
12,841205
11,44848
7,37900
3,43349
12,847553
12,848268
12,848502
18,36111
16,49255
12,851668
12,852123
0,17544
12,852556
16,49505
12,856932
18,36435
13,24918
19,9032
14,209245
12,863970
12,864722
2,28477
12,870203
12,870749
2,28513
13,25272
17,17031
12,873258
12,875059
1,51584
12,879403
16,50993
12,886374
13,25841
1,52441
11,47544
12,894738
7,40218
3,45945
12,897543
1,52696
3,46117
18,38248
12,901243
16,52180
12,908029
7,40771
8,33287
12,909582
12,909751
12,909765
18,38664
14,221296
12,912107
15,44019
7,41031
12,914908
12,917037
10,21930
16,53069
13,26680
14,223845
14,223941
13,26797
0,19096
12,928013
12,929617
14,225913
14,226288
12,931463
6,30794
12,936044
7,42093
12,938162
16,54334
14,228343
7,42298
12,942215
14,229027
12,943935
15,45536
19,9986
3,48933
12,954804
8,35044
14,232626
7,43016
1,56355
14,233655
15,46388
8,35299
14,234140
13,28013
12,965882
14,234752
12,966591
3,49623
16,56010
5,16204
12,971813
3,49868
3,50060
16,56587
12,979348
12,984828
12,986301
12,990600
17,19378
12,991674
16,57389
12,993121
12,995765
1,58465
0,20521
12,997199
1,58569
15,48334
7,45086
12,1004779
14,244428
16,58316
14,245010
3,51758
12,1010943
15,48712
2,33155
12,1013849
4,29447
11,53997
12,1018395
14,248463
16,59298
12,1025844
7,46119
7,46280
12,1032012
12,1032613
12,1032785
16,59772
12,1035214
8,38033
12,1038168
12,1038179
7,46669
12,1040138
4,30301
18,44396
12,1045441
6,34630
12,1052147
12,1052565
14,255915
13,30570
12,1057552
14,257120
1,62102
12,1058388
18,45085
3,54427
12,1064461
7,48082
8,39339
3,55111
12,1075665
2,35294
11,57311
12,1078300
2,35478
18,46253
12,1091004
13,31664
12,1092284
14,265495
18,46514
14,266201
12,1096968
3,56267
14,266592
12,1097456
12,1098087
12,1099223
12,1102355
16,63886
14,268359
12,1105248
16,63965
14,268719
12,1106029
1,65061
3,56879
10,26541
16,64239
18,47195
12,1111445
11,59167
3,57160
12,1116861
11,59380
12,1118344
12,1118689
16,64823
14,272260
15,53991
7,50329
4,32599
12,1124025
8,41209
12,1126018
8,41338
5,18831
12,1128485
10,27028
14,274764
1,66462
11,60291
16,65737
3,58280
15,54773
15,54806
12,1137753
16,65869
14,276658
16,65993
1,67052
2,37430
7,51388
14,278150
12,1145242
2,37598
14,279379
18,48850
16,66627
12,1152547
12,1152637
14,280750
2,37878
15,55846
12,1162680
12,1162971
1,68278
18,49439
0,23990
7,52331
18,49538
13,33827
4,33943
12,1170525
14,284448
12,1172760
4,34037
15,56693
12,1177143
15,56752
13,34235
12,1181244
12,1185522
15,57150
12,1190206
12,1191665
16,69015
10,28532
13,34668
12,1196699
12,1196973
14,290945
11,63676
12,1198678
12,1201107
18,51144
1,70731
7,54117
8,44192
12,1207795
18,51318
18,51356
14,294444
12,1213575
1,71265
12,1216135
1,71376
12,1216965
17,23802
16,70501
18,51935
14,298004
16,71169
12,1231829
16,71308
12,1233461
12,1234116
12,1235376
7,55462
12,1238129
0,25546
11,65996
6,41068
12,1243914
13,36135
3,64309
12,1255671
7,56465
12,1268755
0,26134
12,1271638
12,1278224
14,311003
12,1281564
12,1281788
0,26408
12,1283032
1,75381
5,21540
7,57961
8,47391
14,314312
12,1295891
14,314944
14,315645
18,55230
12,1303147
12,1303980
15,62852
13,37895
12,1307336
1,76715
8,48164
12,1314956
12,1315123
12,1317387
8,48341
12,1320363
12,1322006
12,1323555
18,56270
14,322234
1,77849
9,54485
8,48757
12,1331563
12,1331774
12,1333191
14,324485
6,44114
12,1337320
3,68662
15,64564
18,56952
3,68857
12,1342735
12,1343191
12,1345159
7,60428
12,1349500
14,328123
12,1350703
12,1351920
16,78236
4,39283
14,329458
12,1357125
14,329972
14,330632
3,69959
12,1365649
1,80168
16,79216
12,1369246
12,1370501
12,1370984
12,1372052
3,70495
13,39888
16,79679
12,1379289
12,1379905
0,28404
12,1383295
2,45294
7,62225
1,81410
7,62353
14,337819
12,1391041
12,1392597
13,40406
18,59207
9,57487
14,341023
19,14727
12,1404759
13,40833
12,1408367
16,81496
4,40863
1,82848
11,75094
16,81790
12,1416237
0,29152
8,51916
14,344313
12,1417675
6,46866
12,1424424
16,82596
15,68862
12,1429664
11,76053
14,347986
8,52548
12,1435525
18,61113
4,41798
18,61326
15,69589
12,1444861
12,1447553
1,84978
12,1448764
14,352034
12,1450096
18,61611
12,1451114
6,47918
19,15262
12,1456406
12,1456976
12,1461398
3,75019
12,1464872
12,1465621
2,47996
15,70624
12,1467428
12,1471147
2,48255
13,42792
0,30368
13,42795
=,=
19,1
15,16
12,154
19,4916
8,698
4,623
3,200
4,1442
13,3293
14,2469
14,2583
12,2925
13,4536
13,4572
12,3694
2,5913
11,1707
13,6140
15,2023
19,36881
13,6304
15,2100
10,6686
8,4776
10,7191
13,7300
4,3462
13,8106
14,5061
2,9350
5,5097
7,1607
18,2495
15,3657
14,7073
17,1805
14,7687
13,13166
13,13987
2,16080
12,10185
1,1507
15,4991
0,5970
10,16296
14,10261
13,16837
8,11987
16,11168
4,8550
0,7234
13,19018
16,12955
19,117415
19,118888
12,14300
12,14630
2,23742
5,11992
4,10139
11,6567
0,8674
13,22594
10,23800
13,23337
12,17616
13,26395
2,29484
14,17419
0,10929
4,13353
4,13588
14,18482
12,20621
12,21274
13,31226
0,12245
17,4703
12,22017
12,22211
8,23232
12,22782
10,33905
12,22873
4,15387
12,23244
12,23414
18,8623
13,34310
15,11338
8,24961
8,25092
8,25589
19,211701
15,11805
0,14197
12,25401
19,216071
14,22948
2,41085
12,26190
13,38428
13,38616
0,14978
13,39680
13,39757
4,18387
4,18503
5,22155
14,25345
19,239822
13,42164
14,26336
14,26366
14,26584
2,47077
4,20231
0,17321
8,32677
17,6798
14,28684
9,4647
14,29045
14,29791
12,33154
12,33259
8,34409
18,12225
8,34553
12,33559
10,50847
18,12670
6,3162
8,36406
0,19981
13,51840
12,35820
11,15435
18,13236
0,20352
12,36456
14,32926
13,53155
12,36748
13,53433
14,33231
4,24592
13,54236
12,38234
0,21452
1,5612
8,39866
15,18547
0,22168
13,58098
14,36475
6,3707
12,41230
5,32667
4,27681
12,41671
12,41702
4,28005
14,38292
5,33532
6,3872
0,24086
8,44419
12,43502
12,44077
11,18912
14,39985
8,46025
5,35368
14,41286
0,25938
14,41848
1,6806
0,26182
8,48426
14,42700
4,31544
12,47628
14,43211
13,69651
3,8048
12,48039
19,409903
13,70926
6,4426
2,78465
12,49776
8,51480
13,72705
5,39476
12,50418
12,50508
12,50779
2,80889
5,40213
13,74260
0,28669
2,81496
14,46362
13,74697
12,51824
12,51911
11,22357
18,19471
2,84739
0,30014
14,48393
3,9042
12,54107
15,25801
12,55179
4,36796
14,50387
13,81341
10,83507
18,20878
2,90950
6,5171
5,45408
10,85530
8,60024
13,85549
2,95012
12,59731
12,60151
11,25745
2,95885
16,57882
19,513206
3,10115
13,88044
1,8873
14,54795
14,54851
4,40624
5,48127
18,22431
8,63418
8,63655
4,41150
13,89952
10,92082
13,90960
10,92939
10,93573
3,10639
5,50314
12,63948
4,42844
3,10816
8,66813
2,103018
8,67458
1,9555
0,36786
0,36842
12,66104
4,44372
8,69053
12,66964
8,69404
4,45519
16,65753
12,68476
12,68558
0,38949
13,101796
7,17044
12,70560
13,103150
18,25980
0,40011
8,74376
19,614327
7,17465
19,619526
12,72933
12,72966
16,70265
13,106441
14,66503
10,109906
12,74169
12,74367
11,31789
9,10805
13,108706
8,77484
14,67949
14,68167
14,68436
13,110749
2,121504
11,32631
14,69017
12,76877
16,74062
7,18672
12,77403
0,43398
9,11234
2,124073
14,70563
10,116185
2,124990
2,125005
7,19039
10,117501
5,62691
18,29376
2,127886
2,128578
8,83575
8,84316
17,17597
12,82028
13,119428
16,79778
14,75196
12,83418
12,83637
8,86464
8,86556
12,84766
10,126153
12,85743
8,88665
12,86291
0,48416
2,137548
14,78446
14,78447
14,78613
4,58231
12,87687
9,12803
12,88700
18,32514
12,88880
16,85590
12,89202
14,80551
13,129947
13,130568
9,13005
0,50613
3,15272
12,91233
14,82707
13,133704
8,95243
2,146877
12,92367
14,83332
8,95959
5,73259
10,138135
2,148378
0,52556
10,139602
14,84952
14,85594
8,98173
5,75199
5,75568
10,143396
4,64333
10,143787
10,143832
14,87503
19,826569
13,141730
11,41870
14,88536
2,156759
13,143287
19,840574
8,103063
8,103498
0,56191
13,145949
4,66893
14,90789
13,146296
12,100665
10,149531
7,24359
14,90933
14,91067
12,101365
14,91782
4,67828
2,162106
10,151412
4,68008
14,92287
0,57513
4,68355
4,68817
2,165457
8,107512
14,94354
5,82543
4,70086
7,25602
5,83501
10,157300
19,907800
8,110357
10,158866
13,155964
12,107350
4,71521
2,171387
14,97781
14,98513
1,16095
4,73444
4,73939
4,73980
10,165200
13,161788
4,74253
13,162605
14,101065
14,101685
12,113096
12,113474
1,16709
4,76445
4,76844
13,168325
12,116034
4,77278
2,185019
10,172784
6,10561
12,117070
16,112549
11,50079
12,117877
2,187815
8,122286
=,=
16,1
16,5581
16,11085
16,34919
9,1709
16,110981
4,661
16,120793
16,132221
16,134351
16,136252
10,3501
16,203506
6,653
16,220884
16,229050
16,247854
16,257863
16,270479
16,272051
16,277507
16,281904
6,871
9,4775
16,317486
11,486
16,358428
16,401789
5,3548
7,2545
16,506403
16,533181
16,533386
17,8284
10,10788
16,663571
16,678949
16,688955
16,788817
16,823237
16,869458
9,13990
16,903284
16,922069
16,952564
16,976643
16,1040011
15,9246
16,1065921
16,1066898
16,1093521
5,8949
16,1116760
6,3532
16,1173824
16,1187312
16,1194289
16,1198469
2,2388
10,22583
16,1276181
16,1304722
16,1307652
16,1310379
16,1337716
16,1345869
17,20590
16,1392292
9,22045
16,1429598
16,1441786
16,1449630
16,1451822
16,1470352
7,7944
16,1500918
16,1515483
16,1546410
16,1596113
7,8546
16,1633994
16,1686393
16,1795637
16,1803272
16,1865264
16,1875870
16,1900957
7,10231
16,1964096
5,16010
16,1987207
16,2005927
12,12271
16,2014415
16,2031583
5,16622
16,2117511
16,2141169
16,2142819
16,2156999
16,2165410
16,2206479
16,2254885
7,12080
10,42717
16,2296098
4,12671
16,2427845
16,2443328
16,2445438
16,2464546
16,2472717
16,2545875
16,2558135
16,2565304
16,2566442
9,39886
16,2578303
10,48520
9,40557
17,39523
16,2636134
16,2665094
16,2683989
9,41710
16,2694822
16,2705907
1,13385
16,2734754
16,2740072
16,2770883
16,2820123
16,2884967
16,2903743
16,2909877
10,56479
16,3024358
9,47562
16,3078337
16,3094059
16,3128293
16,3161745
16,3193283
16,3206340
16,3207741
2,6361
16,3233595
16,3237097
16,3242036
16,3244594
5,26354
16,3268817
16,3306635
16,3306922
16,3331010
6,10212
16,3360440
8,10123
16,3402831
16,3403229
16,3429391
16,3435035
4,18937
16,3448815
16,3456964
6,10652
16,3483509
2,6962
16,3531382
16,3578069
16,3582901
9,55951
16,3607586
16,3636537
10,68684
4,20207
1,18211
17,57470
16,3815957
16,3820905
11,5338
10,72571
16,3886176
16,3919537
16,3947896
4,21827
17,60143
16,4048441
16,4120085
16,4120478
16,4122656
10,77587
16,4150351
16,4230000
10,79300
10,79654
16,4273522
17,64653
16,4324227
16,4329147
16,4369452
16,4387825
9,68236
16,4420009
16,4436686
6,13623
16,4450350
16,4490964
18,22793
16,4506556
16,4537572
16,4543952
16,4555166
4,25051
16,4578704
1,22557
16,4643959
16,4644369
16,4721537
16,4763981
16,4785955
5,38854
5,38938
16,4823030
16,4878928
16,4884455
16,4889297
16,4911469
16,4923332
16,4932295
16,4939004
16,4949441
16,4998136
16,5000743
16,5023837
16,5071048
12,31024
16,5093829
16,5097316
16,5136337
16,5174633
16,5175612
16,5183202
16,5230394
19,37875
16,5238423
16,5259133
16,5264439
16,5288017
16,5297891
16,5337318
16,5346678
16,5350252
16,5369279
16,5386376
16,5396512
16,5413063
16,5416511
10,101943
16,5465733
16,5474095
16,5491397
16,5531331
16,5548459
16,5570905
16,5613441
4,30877
16,5622735
10,105313
7,30111
16,5632602
19,40894
16,5655838
16,5668801
16,5674769
16,5676824
16,5689029
16,5698923
10,107079
16,5723678
16,5724953
17,86355
16,5737410
16,5768626
16,5771455
16,5776120
17,87583
16,5822724
16,5822970
16,5849462
16,5851073
10,109548
16,5887621
16,5897741
16,5900059
16,5900428
16,5901296
16,5911763
16,6023046
16,6045685
16,6081393
16,6103953
16,6113160
16,6149152
16,6157438
16,6160631
16,6165608
8,18570
7,33097
16,6197275
16,6216519
13,28739
16,6301024
16,6309846
16,6353184
16,6389633
16,6399517
16,6409638
16,6409995
5,52018
16,6421073
16,6455749
16,6472642
16,6508977
9,102097
16,6593065
16,6650751
16,6657820
16,6659289
16,6681716
10,125751
16,6742200
10,127184
16,6798466
16,6810914
10,127458
16,6826971
9,106445
5,55750
16,6878124
16,6934539
16,6987815
16,6988502
7,37404
5,56810
10,132005
16,7070965
10,132351
19,51156
16,7083149
16,7097111
16,7113447
16,7143032
17,108480
5,58402
16,7203761
10,135873
16,7263905
16,7264028
16,7294772
16,7303053
16,7313937
10,138210
16,7405278
16,7411142
16,7414387
5,60171
16,7485045
16,7496602
16,7501927
9,116393
16,7586703
16,7600349
5,61706
16,7626780
16,7629823
16,7637997
16,7689570
16,7744384
16,7747977
16,7765638
16,7783491
16,7784362
16,7798161
16,7810756
16,7815351
16,7836648
5,63623
10,147002
16,7879941
16,7888604
9,122441
16,7903154
16,7904695
16,7912638
16,7938992
16,7967754
16,7975289
16,7992379
16,8011138
16,8028800
16,8034809
16,8057753
16,8062446
16,8086287
16,8120536
16,8141171
10,152417
16,8169799
16,8181249
16,8190215
13,37896
8,24785
16,8242117
16,8247915
4,45323
16,8253877
16,8303807
5,67649
16,8346805
12,51047
16,8351650
11,11565
16,8394852
5,68149
16,8440594
16,8446365
16,8460089
16,8481415
6,25999
16,8487932
16,8590789
16,8600632
16,8609780
16,8626911
16,8668130
5,70531
16,8719412
16,8741396
16,8818030
9,137159
16,8921938
16,8936817
16,8952158
16,8959230
16,8963120
5,72877
16,8999663
16,9005450
16,9047107
16,9056842
16,9065368
16,9082191
16,9084824
16,9100876
16,9118155
16,9164660
16,9171780
16,9174864
16,9182745
16,9231983
8,27815
16,9239270
16,9242537
16,9268654
16,9315212
16,9315945
10,174419
16,9321989
16,9349647
16,9351733
16,9357032
16,9359618
16,9385111
16,9462971
16,9481805
16,9519787
5,77419
16,9548177
16,9591598
16,9598085
16,9632404
16,9633347
16,9650866
4,53089
16,9663739
16,9671890
16,9678240
5,78504
16,9682870
16,9685909
16,9693209
16,9693817
=,=
10,16
2,95
3,3908
15,55819
12,810
17,1495
3,11072
17,2292
1,3004
18,6731
2,629
18,8086
4,1453
7,4039
15,214247
17,4659
1,6146
15,247706
18,13012
3,43065
15,287783
3,45145
15,300410
17,6659
7,6594
1,8699
3,51293
3,53639
17,8180
16,3843
11,12768
4,3103
17,9003
0,3938
0,3981
3,72243
3,73308
13,12151
16,5522
8,7682
9,4686
3,89262
17,12183
17,12220
3,90347
15,581628
17,12933
10,9986
15,690279
10,11074
15,696748
14,1319
17,14884
17,14885
17,14892
8,9705
15,709474
11,22914
18,34843
13,16680
13,16832
1,20992
15,792331
6,11789
3,127332
15,843372
13,19669
0,7918
16,9098
7,18654
17,20005
15,946099
3,148617
16,9411
1,25715
1,26153
0,8633
7,20144
15,998822
18,47957
11,32306
11,32492
15,1044752
7,21182
3,169353
17,23534
17,23796
10,17942
15,1125464
15,1128407
7,22875
17,24460
13,25459
2,4661
18,56759
3,191177
18,58854
18,59548
3,198166
15,1272427
7,25929
17,27290
12,16428
0,11475
3,209817
15,1361907
15,1425862
3,224545
8,19759
15,1450920
10,23294
15,1477052
17,31509
18,70980
18,71308
7,30575
9,12557
3,242171
3,242246
11,49442
15,1589659
12,20122
15,1609845
18,78188
15,1666969
15,1680732
15,1683666
17,36212
15,1701147
3,269563
15,1727475
10,28470
13,39977
18,85890
17,38959
18,87052
15,1851993
1,49505
7,37868
5,9088
17,40081
7,38173
10,30228
10,30335
11,60938
3,303295
2,7757
3,305202
4,14452
15,1959867
7,40041
7,40151
17,42818
15,2014170
15,2024634
5,9892
3,320107
17,44240
7,42437
7,42900
15,2122157
18,100937
15,2122908
11,69073
15,2182066
11,69973
17,46771
12,27466
3,345245
1,58788
3,350079
15,2262070
17,48709
13,51008
17,49482
10,37696
7,48453
3,376967
15,2409693
15,2421168
13,54850
3,392528
3,396456
7,52352
18,123075
3,406255
17,55655
15,2612617
10,41980
15,2654646
7,53814
14,5035
3,417580
13,59098
17,57291
6,40115
15,2712172
7,55533
17,58472
8,37976
2,11069
18,132459
11,89187
13,61898
17,59956
11,90127
1,75986
3,446881
0,25231
11,92545
17,61880
15,2942119
3,463755
11,94857
1,80116
15,3014134
13,67364
15,3051652
10,49418
15,3090665
15,3101621
1,82993
16,30881
11,100294
8,43481
15,3205750
10,51327
15,3208000
11,102485
13,71135
9,26772
0,28502
15,3282116
15,3289793
7,66686
3,517009
13,73186
15,3307919
17,70517
17,70597
17,70868
3,523360
15,3352733
15,3353019
18,159738
11,107702
10,54317
18,161654
18,162558
2,13837
19,10986
1,92349
13,77227
13,77883
7,71343
15,3521006
8,48623
10,56730
15,3555174
1,94904
9,29766
18,170757
11,115122
17,76886
10,57900
15,3619950
15,3664354
15,3684552
10,59155
3,580914
17,79245
8,51290
10,59654
15,3754597
15,3787966
16,37643
7,76939
15,3797226
3,595611
18,182225
3,601290
17,82484
7,79043
13,86737
18,186483
15,3931032
17,83867
11,125877
18,190237
15,4004523
11,127920
15,4005235
11,128298
11,128504
18,192040
15,4052155
5,19758
11,129930
3,643586
15,4104014
1,110391
15,4141717
19,13196
13,92046
15,4161092
11,132909
15,4185925
5,20362
18,199619
17,89807
12,52823
16,42367
3,672758
15,4294581
4,32289
7,88154
15,4349889
10,69855
11,140732
17,94270
3,694798
12,55750
7,90371
11,142681
7,90999
7,91316
18,214471
10,72261
4,33640
7,91830
17,97060
15,4558618
7,92675
12,57206
15,4595133
15,4603104
15,4616890
1,123974
18,221493
3,730677
15,4676660
7,94895
8,64495
7,95034
17,101258
11,152168
17,101557
17,101601
18,227190
1,127902
15,4794825
15,4800758
5,23405
15,4814715
11,154337
15,4838786
3,763743
15,4873410
15,4885916
7,99084
2,19638
15,4904389
7,100161
15,4953081
3,779373
18,237758
15,5034062
15,5034251
15,5038085
3,791027
11,161325
2,20320
13,112703
4,37804
15,5090652
12,64356
7,104437
18,245124
15,5154961
15,5157540
11,165254
17,110374
0,45333
8,71853
17,111357
6,77843
6,77896
=,=
8,11064
8,40064
17,6971
17,7035
8,43391
8,44655
5,7377
8,73800
7,3883
11,24272
15,17318
1,245111
14,32454
5,35255
8,244063
5,38847
8,287909
8,292485
14,49957
17,55289
15,56956
0,25317
8,362862
8,373355
14,58630
17,64425
18,29084
3,207686
17,68172
8,412526
15,70194
8,423021
14,68522
8,469853
17,78423
8,488005
8,488636
15,82593
3,258893
8,522308
15,90489
8,555280
8,591172
17,98297
16,26882
12,22424
8,633818
1,1446805
8,693714
8,696103
18,53144
5,106357
1,1591252
8,764611
5,114533
15,131729
1,1717237
11,203913
14,123260
15,133030
8,799152
8,842363
8,853031
3,439567
17,143301
1,1894536
8,875657
0,64628
14,137354
8,887180
16,40729
14,144721
=,=
16,16737
6,25533
2,10700
17,12482
16,78930
17,23606
11,29726
16,106651
2,23386
1,9775
10,36092
17,49340
16,218474
6,208398
15,58706
10,73961
12,67462
2,82518
11,113767
10,96721
2,90172
17,99808
2,100600
0,152919
2,120729
10,138132
5,25514
17,138150
11,175569
0,197315
16,638767
10,169748
1,59931
6,626614
11,227710
=,=
7,435
5,269
7,735
13,1204
18,1711
14,1021
13,1924
7,2175
3,2282
3,2303
1,9337
3,2936
19,13306
16,2661
12,739
0,1266
19,21299
4,7956
10,1633
11,9747
12,1527
15,20300
11,12168
1,33987
15,26002
13,9167
8,8103
3,9715
7,9292
4,15208
14,5912
3,11152
11,16255
1,43876
6,4695
9,7967
13,11886
17,13755
11,17615
15,34924
18,12720
18,12984
1,53484
3,13923
9,9211
7,13543
13,13966
3,14668
17,17053
15,44367
1,60623
7,15224
7,15320
18,15681
15,47538
7,17017
7,17247
8,16075
15,53643
7,18160
7,18178
11,27522
19,79903
4,28450
3,19664
19,82339
0,5677
15,58758
11,29779
19,86433
6,8519
17,24089
8,18362
3,21753
13,21210
11,31472
8,18947
4,32939
11,32155
3,22630
7,21868
15,66935
4,35410
8,20880
7,23438
11,35457
11,35880
11,36669
1,102028
18,26551
15,78128
3,27941
16,22893
11,40650
7,27100
19,119535
11,41406
7,27781
0,8257
1,113166
5,13167
15,86766
13,30404
5,14160
10,9821
9,21445
18,32430
2,14783
7,31831
3,33368
1,130495
3,33927
13,33127
3,34536
17,38722
15,98284
11,49625
9,23058
0,9953
19,146840
11,51340
9,23490
15,101883
7,34570
19,150914
13,35414
7,34939
3,36678
13,36647
5,17014
19,159106
18,38048
15,110607
19,165559
19,165646
5,17854
14,22434
4,59214
15,114288
19,168935
13,39561
17,45866
13,40027
0,11684
13,40247
4,61528
7,40187
11,61094
4,63322
1,165448
4,63592
13,41921
6,17608
19,181798
3,44040
3,44207
13,43020
7,42304
18,43344
1,171890
1,174625
6,18428
8,38861
19,189892
19,191171
19,192276
3,46406
13,45163
3,46504
7,45213
11,68214
6,19317
13,46323
9,31313
17,53671
7,45868
1,184845
7,47573
1,191677
4,73501
19,208934
9,33552
3,51330
4,75831
7,49352
13,50375
4,76880
15,148918
1,203336
4,78631
18,52182
5,23962
9,35140
5,24038
4,79457
7,51682
4,79931
7,51905
3,54457
17,61085
4,80505
2,24497
1,212264
13,54000
15,158458
13,54322
4,82829
3,56618
15,161831
4,84023
0,16159
17,64022
19,239442
1,221732
11,83158
1,225263
9,38408
1,226068
11,85282
0,16837
1,229048
17,66737
4,88105
8,51254
16,48983
17,68104
4,90942
3,61897
11,89503
15,178781
9,41246
1,242217
3,63469
15,181805
6,26262
3,64750
4,95533
1,253323
1,253512
4,97323
4,98579
17,74947
11,96583
4,99767
7,64729
13,66146
7,65230
3,68550
19,287949
11,99513
13,67541
17,77862
13,67583
3,69946
1,269273
4,103471
2,31510
19,297080
17,81271
1,283129
6,29885
4,108520
1,283887
1,284753
3,74143
5,33599
9,49431
17,84570
3,75799
12,16775
17,85500
1,293990
7,72995
15,217436
13,74728
9,50536
9,50604
12,17100
19,321995
7,74212
11,111681
1,299858
10,23577
13,76142
7,74862
17,88358
15,224626
6,32128
13,77040
17,89092
1,306045
5,35584
4,117972
1,309094
3,80437
11,115672
4,118900
11,116263
1,312091
19,337742
1,313305
11,116882
1,316214
3,82426
13,80562
11,119670
7,79996
8,71482
11,120754
11,121401
=,=
13,5054
6,20783
12,12513
12,15446
10,21448
18,8408
12,24916
2,6078
14,46958
5,32914
17,165819
12,48480
12,55010
14,87723
11,58271
12,111781
12,113212
12,113601
12,115873
13,72396
6,240433
13,87904
12,144670
13,95770
7,64227
18,54467
14,188797
12,172285
19,27881
0,219757
1,167759
12,196379
12,199579
14,228173
16,34844
12,217798
1,189033
6,370669
12,223347
6,386201
=,=
3,188
12,1631
11,297
8,266
7,460
11,488
6,233
5,850
5,1375
11,1169
2,2776
1,2587
12,7056
6,606
0,31640
12,8451
2,3556
1,3357
16,3158
2,3904
1,3524
2,4212
0,41025
2,4319
16,3616
12,10518
13,40022
13,40943
2,5841
15,2678
13,43430
12,18323
12,19805
8,2591
2,8781
12,21698
12,22416
12,22464
8,3040
12,24521
2,10342
5,6763
12,25121
8,3220
5,7866
8,3713
11,5238
12,31409
1,11778
4,2290
11,5798
7,6481
2,13859
13,101910
5,9015
1,12447
5,9128
12,34027
2,14265
2,14281
6,2896
13,106812
12,35879
1,13649
0,146222
13,114323
7,7392
1,14312
0,154154
13,119964
5,10671
13,123014
5,10889
12,40524
17,4464
3,6230
2,18022
11,7712
12,45719
0,183415
12,47155
2,19787
2,19989
7,9442
1,17901
1,18752
12,52581
13,162889
1,19753
1,20253
12,54513
2,23112
5,15182
10,6120
2,24267
7,11436
1,21972
11,11044
1,23283
15,12126
1,23697
13,198070
12,64544
13,201632
13,202152
13,203288
2,27902
12,66666
12,66780
5,18077
2,28042
2,29294
2,29619
12,71797
15,13756
2,30510
12,73407
10,8086
5,20081
0,297282
11,13315
0,301834
1,28314
15,14642
15,14973
13,242193
12,78882
13,242806
15,15216
1,29798
12,80882
11,14456
17,8888
1,30524
6,6925
12,83637
16,29173
13,260092
0,339769
0,341004
1,32077
9,11200
2,36322
2,36414
0,347624
2,37464
0,357231
8,11596
7,18049
12,93670
15,18036
13,293591
1,35528
1,35688
2,40589
12,98369
11,17473
1,36895
13,306152
12,100085
13,309783
5,27254
0,407040
1,38115
0,412917
13,323039
1,39085
2,44083
1,39165
2,44367
9,13897
17,11638
13,334291
0,433266
9,14155
13,337920
12,110356
13,340301
2,46887
13,344474
1,41799
15,21566
2,47355
13,349431
7,22544
5,31131
0,460407
2,48634
2,48776
15,22519
0,474285
3,17327
13,368393
12,120089
13,370390
2,50610
5,32741
2,50790
12,122535
12,124106
13,381598
5,33726
2,53243
12,127476
2,53412
14,27515
15,24686
2,54589
2,54980
12,131292
7,26249
14,28747
5,36437
2,56833
3,19726
2,58456
2,58667
11,24780
5,37852
1,52137
13,432889
6,11837
12,141984
2,59655
6,12063
2,60647
13,446142
13,456908
2,62459
9,19326
17,16182
13,460806
1,55806
11,26545
13,461299
0,601225
13,465618
12,151506
12,152066
12,152229
0,606585
1,57183
11,27569
11,27578
0,620719
11,27893
5,42764
13,487458
1,59687
1,59972
0,647825
0,654834
12,164559
12,165481
16,58129
12,167961
2,70418
13,520237
11,30029
3,24662
7,33591
12,171450
13,528150
7,33796
2,72185
19,11281
1,64760
13,536230
1,65017
7,34339
1,65119
1,65386
12,176643
12,176909
1,65823
15,33846
1,66185
13,548382
12,179252
12,179614
12,181560
1,67829
2,76588
1,68010
5,49451
12,184261
1,68550
13,568275
15,35315
1,68850
12,185138
1,68993
7,36509
12,186305
2,78153
15,35760
12,187513
13,576579
1,69822
9,24412
13,581535
1,70421
12,189589
17,20554
7,37289
13,588273
2,80555
5,52061
5,52168
12,193193
1,72067
1,72099
1,72494
2,81707
0,776448
12,197612
6,16611
0,792352
13,613632
12,200136
5,54289
12,201100
0,802210
12,201667
13,621852
12,202636
13,625100
11,36071
1,76084
12,204966
8,26196
13,632621
13,632769
13,637965
12,208513
2,87570
12,209216
1,77870
0,836307
2,88182
1,78287
1,78305
12,211191
1,78887
1,79244
13,656617
15,40815
12,214167
2,89954
12,215348
12,215363
2,90473
13,663995
11,38367
1,80688
2,90996
7,42701
11,38526
12,218553
2,91569
15,41926
1,81769
16,76900
11,39257
1,82574
0,883718
13,691972
0,898560
12,227393
12,229151
2,96072
13,706503
5,62130
0,921755
0,922311
13,714690
2,97459
2,97743
15,44539
8,29724
13,717524
2,97885
12,237273
17,25739
0,946572
0,948010
1,88697
12,238678
12,238972
15,45639
12,239574
15,46036
13,742487
13,745743
0,966071
13,746846
13,748308
13,748429
12,244673
1,91102
2,103079
12,246306
2,103575
16,85751
12,248938
3,36207
12,251002
8,31979
12,251333
5,68020
1,93970
1,94516
15,48588
12,255239
15,48766
13,787853
1,95465
12,256896
2,107834
12,259320
13,798617
12,261140
2,110665
13,814915
13,814932
12,265448
2,111581
12,266880
1,99332
1,99457
12,267549
13,826934
12,269497
1,100286
5,72990
13,831989
12,271262
6,22670
12,272338
11,48236
1,101426
13,838549
2,114446
8,34891
0,1091796
12,275914
11,48854
1,102889
13,852120
13,852965
13,855655
8,35528
12,279277
11,49413
10,30514
12,281043
12,284506
1,105980
13,877306
13,877401
13,877976
7,56128
13,879040
12,286527
13,880955
1,106724
2,120355
2,120698
1,107205
1,107315
0,1153224
14,61916
1,108061
12,291208
13,906365
12,296506
13,916165
3,43293
1,111593
3,43558
12,301364
12,303076
7,59538
2,127140
2,127601
2,127719
12,305021
7,60241
19,20005
2,128895
13,945953
13,947313
13,956411
13,959393
1,116085
12,313989
1,116985
13,967132
13,971372
12,316436
11,56091
=,=
4,59808
9,933
3,16410
10,21968
4,179827
18,466
4,221940
6,2965
4,236231
2,12136
7,9275
2,15006
2,15733
15,10544
9,7756
4,714770
2,20422
0,3301
5,14664
3,155897
13,43754
15,15372
9,10660
5,20765
6,14539
4,1169118
11,5033
15,21974
4,1234552
13,65834
4,1307687
1,42492
4,1369857
11,5993
6,18610
9,18385
4,1635014
4,1651568
4,1653699
4,1691397
15,30981
4,1708028
6,22952
4,1810081
4,1841661
6,23468
15,35399
4,2009919
4,2063460
4,2067563
4,2096954
4,2099234
6,26701
1,66512
5,40786
4,2232985
2,61228
4,2259508
13,117700
9,27469
2,64627
4,2392642
4,2396495
3,493545
4,2608216
4,2633950
4,2673460
2,74005
6,35100
6,35164
4,2812072
4,2869975
4,2872309
4,2879426
2,78567
4,2989704
11,12756
5,59183
4,3154634
4,3193521
6,41645
4,3284326
13,171010
14,23222
4,3374061
13,179347
2,94944
4,3493264
5,66294
4,3546323
2,96811
4,3562063
7,72945
6,45628
4,3626941
4,3647014
4,3653251
4,3667766
10,510878
2,100647
2,100969
4,3731533
16,51827
3,733860
6,48075
4,3781595
4,3783208
5,74611
14,27463
15,72281
13,208342
2,109438
4,4181159
10,587526
4,4252540
13,221525
4,4275004
5,81070
10,598900
4,4329479
10,602784
15,79899
4,4454369
4,4454965
2,121532
15,81435
10,627577
19,51614
4,4618417
4,4619571
10,642764
4,4635858
9,54271
2,127221
4,4678547
4,4744927
4,4755337
19,54411
15,87400
10,681629
4,4930511
4,4936272
4,5048827
4,5065464
4,5072595
16,70299
6,64811
4,5137360
15,93357
2,140238
12,12686
10,724314
4,5231282
4,5246269
=,=
0,1
9,45
8,16
1,64
14,40
9,208
1,155
0,3969
11,70
1,189
1,273
9,480
15,203
17,83
9,681
13,261
5,96
10,713
1,516
15,333
12,396
14,493
0,18874
15,504
1,869
11,364
1,910
15,549
13,532
14,601
17,218
10,1603
4,1009
10,1670
10,1702
5,259
19,326
10,1910
1,1426
0,32284
9,2333
9,2455
0,34848
1,1587
2,676
1,1671
18,1269
1,1753
0,42477
15,1174
18,1551
9,3419
0,49327
10,3214
4,2088
9,3807
1,2393
9,3857
1,2435
15,1441
1,2484
1,2536
2,1071
14,1607
18,2099
13,1557
11,1163
18,2144
14,1831
15,1825
9,5034
8,1067
10,4481
0,70735
13,1763
6,650
13,1833
9,5349
14,1987
1,3381
2,1464
1,3533
9,5711
1,3630
14,2169
1,3807
9,6419
4,3543
10,5696
13,2243
9,6602
1,4202
14,2549
0,95700
0,96455
14,2599
9,7195
5,890
0,102774
0,103864
17,990
14,2909
14,2919
1,4895
18,3691
2,2052
0,110532
9,8001
2,2111
7,3069
6,1017
10,7453
10,7503
0,118233
11,2175
9,8594
1,5351
14,3242
10,7722
5,1079
3,2011
19,1349
0,121798
15,3213
7,3346
9,9064
1,5649
0,127597
0,129708
13,3229
2,2477
1,5966
9,9727
15,3537
1,6106
9,9924
1,6360
15,3722
3,2359
18,4842
0,146588
0,146816
10,9421
10,9562
15,3982
16,1004
10,9875
0,154966
0,156489
9,11440
1,7133
15,4167
9,11506
10,10193
0,162852
1,7332
0,163390
4,6523
8,2515
0,165275
2,3145
9,12190
0,169925
9,12286
15,4469
1,7721
0,172306
1,7750
5,1568
18,5976
1,7947
0,176931
9,12899
14,4943
10,11829
1,8333
1,8339
9,13420
14,4999
19,2097
13,4722
0,190569
8,2913
11,3532
9,13910
9,13956
14,5201
10,12445
18,6597
15,5128
9,14133
10,12609
14,5297
0,197929
0,200153
0,201465
13,5022
9,14586
1,9088
14,5438
0,203958
0,204623
15,5379
1,9221
7,5526
15,5409
10,13242
5,1857
11,3852
10,13409
0,211013
1,9488
14,5695
0,212897
3,3544
0,214588
9,15514
1,9733
14,5823
9,15741
0,218451
1,9903
12,6847
18,7516
18,7555
2,4204
11,4149
18,7646
1,10188
8,3471
0,228432
3,3844
9,16776
0,232771
9,16820
18,7940
3,3902
0,235346
10,15074
1,10627
9,17129
0,237811
9,17266
0,239680
0,240021
15,6323
18,8168
10,15425
10,15475
8,3752
12,7611
10,15718
3,4086
0,246650
0,246705
0,248211
18,8448
19,2780
11,4618
0,251335
0,253625
11,4708
1,11574
0,259342
10,16568
15,6810
10,16746
10,16793
1,11871
14,7081
3,4423
18,9077
8,4116
18,9122
14,7261
1,12240
1,12278
1,12310
9,19807
1,12362
9,19879
9,19893
10,17679
14,7466
2,5234
0,280615
8,4305
0,281948
16,1859
0,284611
0,286035
0,286301
11,5271
9,20751
18,9730
0,288058
0,288080
9,20834
0,290792
10,18717
13,7377
19,3292
19,3297
18,10104
10,19148
4,11964
9,21708
18,10203
4,12101
14,8196
0,306163
1,13805
12,9542
0,310643
1,13966
19,3449
8,4767
9,22588
5,2806
8,4824
3,5242
1,14229
1,14376
10,20436
12,9931
4,12822
15,8452
3,5360
9,23339
0,323151
18,10943
9,23428
16,2141
12,10110
9,23617
2,6149
16,2155
1,14796
9,23811
18,11150
0,330365
1,14908
1,14929
18,11247
0,332965
13,8307
9,24141
10,21357
10,21512
7,9071
0,337995
13,8417
14,9075
0,341395
1,15416
14,9222
0,344897
1,15567
15,9113
7,9344
15,9136
9,25282
1,15744
11,6503
8,5408
15,9327
15,9351
0,357744
0,359789
0,359948
14,9667
9,26106
18,12235
1,16271
1,16310
1,16343
9,26263
14,9747
15,9550
11,6714
7,9818
17,3355
13,9113
7,9866
3,6119
19,4100
0,369803
9,26756
9,26772
15,9744
9,26869
14,10013
1,16799
11,6893
9,27132
13,9347
2,7087
0,377786
0,379959
1,17175
0,382411
5,3427
11,7092
8,5940
14,10420
7,10441
15,10217
0,389471
14,10441
0,390021
9,28171
10,24928
4,15604
0,391669
8,5991
1,17635
18,13268
15,10349
9,28580
1,17841
11,7314
13,9888
14,10709
15,10492
11,7367
18,13580
9,29033
0,403085
12,12483
17,3713
0,409412
11,7576
10,26292
9,29784
10,26348
11,7632
0,415576
0,416377
0,417388
10,26884
9,30423
4,16814
19,4686
18,14314
18,14341
1,19118
10,27200
1,19157
9,30815
17,3919
9,30886
10,27351
18,14506
18,14508
0,429814
0,431157
15,11333
0,432278
8,6615
9,31279
1,19560
9,31478
0,437174
9,31571
0,438719
10,28055
18,14886
14,11885
0,444525
0,444558
9,32110
13,11096
12,13864
12,13872
10,28762
11,8294
0,451730
7,12164
9,32871
10,29125
0,457104
15,11993
2,8594
15,12007
1,20621
1,20622
0,459774
6,4089
0,461799
2,8705
15,12199
18,15730
5,4144
0,466023
13,11597
2,8761
10,29806
9,33735
3,7752
6,4143
3,7773
18,15850
15,12375
13,11759
1,21253
9,34202
5,4222
18,16053
11,8779
13,11884
10,30515
4,19073
0,480158
0,481292
15,12677
14,13013
9,35163
0,487044
13,12123
0,491536
8,7515
2,9240
13,12243
7,13234
0,493138
1,22201
10,31578
11,9125
18,16815
2,9346
9,36037
0,499706
9,36137
14,13433
9,36212
1,22571
10,32378
15,13308
0,509130
15,13359
0,509755
0,510510
15,13404
15,13428
9,37035
0,512854
11,9451
8,7859
2,9674
3,8545
19,5718
1,23198
3,8576
0,517227
3,8607
13,12955
2,9790
7,14008
9,37824
12,16213
15,13799
0,526057
13,13138
9,38220
17,4869
9,38385
17,4871
9,38447
6,4720
9,38560
1,24040
1,24043
0,535453
18,18126
12,16620
3,8946
2,10140
9,39027
10,34657
9,39206
15,14268
9,39386
13,13568
15,14341
10,34953
0,547639
1,24673
12,17027
9,39752
13,13699
10,35184
1,24772
3,9152
19,6134
18,18703
15,14575
14,14942
9,40388
3,9287
1,25164
14,15053
14,15060
16,3698
0,563035
8,8616
1,25378
9,40808
1,25436
10,36205
2,10653
0,567591
15,14903
0,570575
4,22759
0,571458
19,6341
9,41410
2,10772
0,574436
19,6377
16,3787
13,14333
5,5164
14,15576
1,26223
2,10958
1,26247
14,15650
9,42518
1,26559
18,19981
8,9043
16,3893
0,592819
10,38022
13,14877
1,26919
1,26935
6,5319
1,26982
13,14941
13,14955
9,43592
10,38620
18,20557
15,15973
8,9327
9,44097
14,16389
0,612355
9,44525
15,16181
1,27861
0,621128
1,27926
15,16346
9,45016
9,45063
0,624238
13,15528
1,28071
0,624794
1,28118
1,28297
18,21288
0,629775
0,630024
0,630180
0,630808
13,15722
18,21379
18,21400
7,17057
0,636205
14,17048
10,40652
0,637459
0,638461
0,639744
5,5700
13,15943
9,46329
19,7116
9,46353
9,46397
1,28905
1,28920
0,644816
10,41179
15,16926
9,46745
10,41365
9,46840
9,46889
14,17405
1,29208
9,47002
14,17451
9,47047
5,5809
12,20184
12,20187
18,22098
18,22101
9,47352
9,47378
10,42040
14,17666
18,22359
0,662836
1,29829
18,22444
0,664174
9,47981
14,17853
0,668368
9,48288
1,30095
10,42807
5,5975
2,12618
3,11154
1,30232
7,18061
0,673284
18,22850
2,12758
0,683760
13,17051
0,686507
14,18396
4,27387
14,18418
0,687864
15,18056
9,50032
9,50059
1,31167
0,695222
11,12800
0,695466
1,31316
11,12832
10,44615
11,12862
16,4600
15,18374
17,6423
1,31534
19,7787
3,11658
4,28062
19,7815
15,18589
10,45311
0,709718
9,51343
12,22017
9,51554
19,7919
7,19191
1,32182
2,13453
15,18817
6,6357
2,13479
13,17873
1,32348
0,721993
3,12003
0,723620
4,28903
4,28956
9,52509
9,52569
9,52575
8,11138
3,12117
13,18179
10,46827
10,46864
8,11223
1,33022
18,24868
12,22850
3,12250
10,47149
15,19552
19,8268
18,25217
7,20041
0,747822
0,748068
10,47779
13,18647
10,47916
9,54241
9,54533
0,755122
6,6705
1,34045
18,25652
0,760278
0,760480
9,55014
3,12644
14,20453
0,763322
18,25820
13,19047
15,20120
8,11723
7,20602
0,767639
12,23819
9,55615
0,770652
1,34646
9,55709
1,34851
15,20345
9,56041
12,24023
15,20479
14,20921
6,6936
9,56644
18,26570
9,56774
18,26618
19,8732
9,56947
18,26666
7,21186
0,788912
16,5188
10,50782
13,19791
15,20878
14,21466
0,803572
3,13354
10,51480
18,27320
15,21211
1,36463
1,36585
14,21891
0,817441
9,59074
1,36847
9,59204
17,7514
9,59269
5,7323
16,5417
2,15495
1,37104
1,37114
1,37268
19,9207
3,13778
0,831671
17,7652
0,836392
1,37611
2,15724
11,15426
1,37696
14,22469
10,53597
9,60970
10,53930
1,38067
1,38077
1,38105
8,12961
14,22747
10,54329
7,22870
0,854559
0,855320
0,857243
6,7610
16,5661
0,862284
11,15884
15,22646
1,38879
13,21519
18,29288
0,867066
15,22748
10,55409
7,23304
8,13309
14,23422
7,23489
15,22981
1,39414
0,877030
13,21828
9,63431
14,23575
2,16592
19,9825
5,7897
0,887240
15,23362
10,56942
0,894140
6,7928
4,35701
11,16508
4,35761
1,40368
18,30389
1,40527
0,905054
12,28081
12,28138
14,24462
0,917981
5,8192
8,14069
15,24156
5,8214
0,923586
0,924209
15,24261
0,925763
8,14153
13,23120
3,15438
19,10343
0,932772
9,67413
12,28902
16,6142
9,67487
1,42062
0,939609
0,940023
12,29126
2,17720
9,68165
16,6206
1,42454
18,31980
10,60477
15,24877
0,948966
9,68587
9,68588
1,42728
1,42739
1,42804
10,60859
9,68828
15,25036
18,32310
0,955839
10,61160
0,960261
11,17691
8,14687
9,69417
11,17702
13,23969
10,61551
1,43430
0,966212
0,967228
0,967583
18,32750
9,70067
0,970251
7,26058
19,10785
7,26123
0,976724
9,70776
13,24384
9,70821
1,44158
8,15017
1,44180
8,15030
14,26375
1,44271
7,26464
0,985487
4,39295
0,986512
15,25887
1,44387
16,6495
2,18571
8,15121
1,44484
5,8826
10,63340
14,26583
2,18646
14,26602
1,44671
17,9114
9,71877
2,18702
0,996521
10,63681
9,72179
8,15287
13,24882
1,45046
9,72366
15,26308
10,64070
1,45138
10,64296
0,1009444
7,27136
9,73268
13,25242
6,9006
18,34370
11,18760
15,26740
9,73707
18,34520
3,16952
4,40797
13,25456
0,1024726
9,74113
0,1026421
1,46163
1,46183
9,74339
15,27018
13,25620
1,46319
0,1033646
13,25735
9,74751
1,46667
9,75002
14,27834
0,1040149
18,35180
0,1041410
10,66635
15,27409
14,28018
18,35431
5,9360
7,28258
0,1052373
15,27616
9,76150
8,16134
12,32718
2,19869
1,47554
10,67652
10,67806
0,1062649
6,9450
2,20107
14,28705
17,9822
8,16383
5,9548
1,48212
14,28805
0,1075109
19,11926
18,36359
11,19851
1,48530
18,36529
0,1082366
11,19967
3,18013
10,69333
2,20441
1,48929
5,9694
9,78702
11,20077
9,78828
16,7175
0,1091533
18,36953
0,1093301
14,29293
2,20564
9,79113
3,18196
0,1096695
9,79213
9,79246
11,20242
15,28850
13,27356
0,1103716
0,1104268
1,49703
8,16908
10,70690
18,37426
11,20400
0,1108161
0,1109562
2,20848
3,18440
11,20473
7,29929
0,1114609
3,18495
1,50136
13,27769
10,71363
3,18542
18,37789
12,34663
0,1122381
2,21091
14,30131
8,17233
13,28065
8,17246
0,1130315
0,1131522
18,38283
0,1133426
7,30464
0,1135696
0,1136141
18,38432
1,51109
11,20947
0,1137786
15,29876
8,17412
0,1139502
10,72884
9,82479
9,82482
10,72939
1,51354
10,72963
1,51438
0,1144168
15,30086
9,82857
15,30109
14,30761
0,1150184
9,83088
11,21184
14,30905
10,73711
0,1156969
0,1157496
9,83685
1,52104
15,30447
1,52218
14,31147
15,30504
0,1164265
9,84127
9,84209
18,39529
4,46634
11,21593
5,10446
15,30774
0,1173442
15,30853
8,17982
3,19523
8,17987
2,22119
18,39816
10,75290
15,30943
18,39993
9,85521
7,31860
0,1188856
9,86239
12,36973
9,86337
18,40478
8,18298
9,86503
13,29799
0,1201134
9,86751
0,1201514
18,40675
0,1203423
9,86926
15,31589
0,1204606
18,40727
18,40761
1,54233
9,87142
1,54254
11,22232
14,32374
1,54324
14,32380
18,40866
11,22314
0,1213612
2,22808
17,11127
1,54628
9,88060
14,32700
0,1220940
9,88196
0,1221487
17,11202
0,1222934
9,88345
4,48814
15,32144
8,18793
7,33086
0,1232275
2,23155
15,32404
13,30733
1,55580
1,55583
12,38264
18,41806
0,1238374
1,55708
0,1242040
2,23331
18,41992
10,79384
4,49624
18,42151
10,79619
2,23460
13,31085
16,8237
9,90513
9,90566
1,56432
1,56446
1,56472
1,56542
19,13974
1,56660
9,91062
13,31364
1,56691
0,1261792
8,19291
0,1262689
10,80651
1,56785
11,23258
0,1264997
19,14056
5,11288
8,19378
8,19380
9,91620
10,81025
15,33301
2,23876
14,34057
0,1271800
11,23441
9,92345
9,92357
0,1280650
8,19625
17,11778
0,1286059
4,51324
3,21384
0,1292508
0,1293576
0,1294065
0,1294577
6,11485
19,14374
10,82807
14,34750
13,32273
8,19830
9,93895
0,1301186
7,34977
11,23997
9,94230
8,19966
3,21701
9,94474
9,94480
0,1310192
2,24629
0,1311351
2,24641
10,83774
8,20070
0,1313774
16,8639
14,35215
10,83934
9,95129
16,8682
1,59465
14,35442
9,95588
3,21966
15,34804
14,35557
18,44888
19,14740
0,1330064
0,1331588
0,1333167
0,1334751
19,14813
9,96504
16,8787
0,1338644
19,14848
7,36012
12,41516
2,25253
0,1344398
13,33453
1,60561
9,97576
10,86357
13,33645
8,20674
14,36313
15,35582
9,97994
10,86664
5,12086
5,12099
1,61097
0,1360486
10,86970
10,86971
3,22604
15,35752
11,25141
0,1365424
11,25181
12,42339
14,36663
0,1369009
0,1370226
13,34103
0,1371717
10,87716
7,36925
0,1375010
13,34270
17,12630
0,1379011
12,42695
0,1382525
9,99863
14,37055
9,99913
0,1383681
1,62242
0,1384975
5,12334
1,62315
14,37141
1,62327
0,1387650
6,12311
0,1389409
0,1390067
11,25610
0,1391521
9,100605
13,34659
10,89003
3,23132
13,34686
2,26244
16,9187
1,62847
15,36681
9,101314
9,101326
1,63077
7,37734
9,101601
15,36972
14,37766
11,25983
13,35119
1,63541
13,35217
7,38034
3,23529
1,63763
8,21690
1,63899
9,102688
13,35386
12,44035
0,1423284
5,12688
10,91001
1,64189
0,1429370
1,64315
2,26901
1,64434
7,38490
0,1433934
15,37631
1,64591
8,21972
3,23904
10,92080
9,104318
8,22085
0,1447662
0,1447863
16,9519
1,65152
10,92807
0,1455174
18,49277
9,105307
18,49320
0,1459063
1,65649
9,105487
14,39142
10,93538
1,65855
15,38513
1,66007
2,27644
9,106435
14,39521
0,1475659
0,1477280
0,1478047
10,94448
0,1479033
15,38849
12,45858
0,1482619
0,1483043
18,50141
14,39757
0,1483893
1,66780
15,38975
9,107369
15,39012
0,1488669
14,39913
6,13243
3,24796
7,40200
10,95590
15,39274
0,1497745
0,1498081
13,37278
18,50682
10,95799
17,13752
1,67498
0,1502066
0,1505842
11,27737
9,108869
10,96319
9,108959
15,39594
10,96615
1,68118
7,40728
10,96859
9,109586
1,68247
11,27965
15,39861
13,37843
9,109915
19,16885
0,1523595
1,68519
9,110319
3,25371
10,97762
13,38090
1,69022
16,10101
0,1537139
18,51987
3,25537
13,38335
9,111357
1,69381
9,111651
18,52306
10,98864
8,23669
8,23676
11,28529
1,69700
2,29124
0,1554333
3,25803
13,38706
10,99380
18,52721
9,112637
0,1560539
0,1563851
4,62409
5,13959
0,1569555
15,41201
2,29515
0,1572092
10,100407
9,113722
15,41359
9,114081
0,1580135
9,114216
19,17552
18,53576
18,53588
0,1585829
9,114588
10,101549
8,24345
14,42692
14,42717
0,1596180
1,71767
9,115345
8,24433
9,115539
18,54108
1,71985
10,102447
10,102476
0,1606425
8,24571
14,43087
1,72448
14,43199
6,14297
15,42322
3,26785
9,116676
0,1617505
1,72812
3,26881
18,54786
17,14865
9,117248
9,117342
0,1626335
1,73185
5,14519
0,1631602
8,24937
0,1632694
7,43864
9,117955
19,18130
2,30709
3,27133
1,73613
4,65332
10,104848
13,40861
10,105045
1,73975
7,44259
17,15104
15,43280
9,119177
0,1651378
12,51207
9,119489
18,55949
10,105735
0,1656272
13,41281
18,56336
2,31304
15,43727
0,1667930
9,120474
14,44699
1,75092
1,75195
11,30809
1,75283
10,106953
6,14844
1,75489
10,107229
10,107292
9,121462
0,1682095
10,107419
2,31607
12,52070
0,1683897
9,121653
14,45133
8,25744
0,1687017
9,121899
18,57122
2,31765
9,122144
15,44383
14,45351
0,1693750
10,108294
0,1696328
8,25930
14,45518
15,44570
9,122862
5,15160
15,44673
18,57594
13,42415
18,57657
1,76701
1,76847
0,1709653
14,45817
10,109255
10,109268
18,57898
1,77041
0,1715585
1,77337
0,1720334
0,1721822
0,1722647
3,28585
18,58277
1,77543
1,77585
0,1729104
14,46380
13,43102
0,1734481
10,110775
10,110789
14,46484
0,1735391
18,58668
9,125513
10,111074
0,1740881
13,43319
0,1742797
10,111307
0,1743688
13,43455
0,1748449
16,11501
1,78857
8,26829
1,78986
7,47252
15,46168
6,15610
0,1763072
9,127415
10,112692
13,43897
9,127480
9,127498
16,11608
11,32537
14,47420
1,79575
0,1770480
9,127912
7,47600
0,1773358
8,27124
10,113416
1,79870
10,113499
15,46705
19,19750
0,1781677
5,15879
9,128916
8,27298
17,16397
9,129283
3,29728
10,114562
0,1795666
9,129688
0,1796457
17,16504
18,60923
14,48308
16,11875
15,47401
0,1806924
15,47424
12,55953
18,61126
1,81369
10,115630
10,115664
1,81486
18,61332
17,16628
15,47625
4,72399
11,33499
13,45279
14,48888
18,61714
14,48972
1,82191
18,61853
0,1829887
9,132210
0,1830965
1,82406
0,1835372
17,16825
0,1837450
9,132781
0,1840799
1,82766
2,34586
1,82842
1,82864
18,62322
14,49402
1,82950
1,82956
8,28228
14,49494
9,133424
10,117996
0,1848516
13,45991
0,1851121
9,133716
1,83309
10,118340
0,1853457
10,118375
1,83353
0,1854235
2,34851
11,34174
15,48690
13,46224
0,1859080
0,1859664
7,49946
2,34952
1,83740
0,1864666
13,46384
1,83868
1,83913
11,34369
1,83938
15,48987
0,1868160
8,28557
8,28570
0,1870582
1,84159
13,46563
0,1872760
18,63318
13,46595
18,63345
1,84285
0,1874812
9,135654
4,74993
9,135873
14,50407
1,84748
9,136162
8,28835
15,49516
10,120548
16,12410
0,1889269
16,12452
1,85214
9,137105
9,137127
9,137129
1,85412
5,16925
8,29049
7,51070
0,1902444
1,85644
0,1905483
7,51224
0,1909414
9,137939
0,1910637
0,1912131
2,35930
7,51389
18,64738
15,50298
7,51511
1,86230
10,122642
13,47829
0,1923301
8,29397
0,1923792
1,86501
4,76759
9,139062
7,51731
10,123010
13,47915
0,1927104
0,1929484
0,1930283
14,51769
0,1933464
14,51824
4,77175
12,59981
0,1938083
15,50874
11,35717
12,60048
8,29650
15,50901
15,50903
18,65615
10,124020
0,1943229
15,50998
18,65763
14,52123
1,87512
1,87613
10,124620
6,17298
11,35948
9,141126
8,29896
14,52426
9,141548
0,1960090
13,48760
9,141682
19,21786
0,1967607
15,51632
14,52735
9,142209
10,125744
0,1970099
10,125845
9,142377
18,66648
14,52822
0,1976374
13,49177
0,1977462
4,78864
3,32876
15,51994
7,53242
6,17599
12,61470
10,126896
0,1987895
14,53269
13,49459
9,143618
19,22075
18,67316
0,1992164
16,13097
19,22104
19,22109
1,89681
13,49634
11,36774
0,1997400
0,1998839
0,1998894
8,30550
1,89894
9,144457
6,17747
0,2002704
0,2003062
10,127919
9,144748
0,2005266
1,90194
0,2008042
1,90317
0,2009713
15,52742
9,145337
10,128534
1,90492
2,37812
8,30795
18,68130
9,145579
1,90642
9,145683
15,52928
1,90764
12,62551
0,2021181
9,145997
17,18524
0,2022780
14,54200
13,50325
1,90979
3,33623
9,146430
3,33640
9,146649
0,2032223
18,68729
0,2033321
18,68750
1,91442
14,54527
13,50631
14,54545
9,147070
0,2036650
8,31125
1,91674
15,53540
0,2041011
1,91770
9,147630
1,92086
1,92092
8,31314
0,2050172
0,2051622
10,131064
0,2052513
18,69441
18,69492
18,69522
14,55113
9,148869
15,54108
18,69735
18,69753
9,149022
5,18386
12,63948
3,34302
3,34326
5,18435
3,34364
2,38914
7,55712
10,132534
1,93318
3,34447
0,2077842
14,55679
17,19051
19,23082
15,54643
0,2083205
0,2085142
3,34599
0,2088190
10,133389
18,70619
10,133443
7,56154
0,2090717
15,55083
15,55102
15,55227
9,152237
13,52429
12,65253
1,94824
18,71364
4,84227
1,94974
8,32299
14,56634
1,95040
14,56677
9,152799
12,65512
18,71601
0,2118662
16,13926
0,2121154
1,95470
9,153427
6,18829
14,56925
9,153540
10,135790
17,19488
9,153649
0,2127399
11,39177
1,95679
14,57024
9,153753
0,2129075
14,57077
0,2130604
18,72153
13,53141
5,19033
9,154387
18,72275
15,56110
14,57336
9,154605
13,53265
0,2142636
10,136849
0,2143945
9,154845
0,2144153
9,154892
1,96425
0,2146997
11,39538
5,19125
1,96579
19,23829
0,2148979
1,96651
8,32866
17,19722
10,137455
9,155494
0,2153560
13,53569
14,57707
0,2155786
14,57764
14,57773
1,96995
1,97087
14,57875
14,57915
9,156176
10,138198
1,97361
15,56897
10,138613
9,156776
0,2172965
14,58236
18,73484
8,33227
18,73541
9,157152
15,57091
0,2178138
9,157317
9,157327
15,57158
14,58385
0,2180784
18,73751
11,40181
18,73817
7,58664
15,57320
9,157835
14,58559
10,139633
2,41083
0,2187546
10,139780
0,2189014
18,74005
0,2192195
14,58867
0,2197429
0,2198142
2,41295
10,140422
2,41314
18,74372
10,140611
10,140615
0,2202370
4,87942
0,2206595
0,2208766
0,2208788
9,159553
1,99359
0,2210213
1,99373
2,41538
0,2213284
8,33831
3,36756
18,75018
0,2219656
1,99829
15,58272
13,55283
11,40929
3,36904
0,2224834
11,40972
17,20405
2,41831
5,19834
0,2231009
2,41947
19,24781
17,20481
5,19942
11,41264
1,100756
7,60240
9,162185
0,2248761
9,162477
8,34382
12,69749
18,76226
15,59150
9,162857
14,60416
15,59157
8,34487
10,144158
10,144198
10,144331
0,2260557
10,144395
9,163359
0,2263935
16,14884
18,76558
6,20076
1,101920
9,163777
15,59560
10,145082
14,60882
15,59616
0,2273228
15,59635
10,145460
0,2279343
0,2280166
0,2280413
10,145718
10,145734
9,164872
0,2283223
1,102660
13,56808
12,70712
0,2285048
1,102763
13,56855
0,2286618
0,2287997
10,146236
18,77518
0,2293158
0,2293928
1,103153
14,61550
16,15100
0,2297804
9,166131
0,2300720
1,103437
0,2301320
0,2302415
11,42422
13,57344
10,147293
10,147325
0,2308038
0,2308282
17,21177
1,103927
12,71555
9,166994
13,57512
9,167056
1,104034
10,147844
13,57602
9,167283
0,2316847
2,43531
17,21239
9,167510
9,167514
15,60864
0,2320428
15,60887
0,2321002
14,62196
1,104424
2,43631
14,62249
1,104548
3,38595
0,2327701
3,38619
12,72074
1,104698
4,92857
9,168240
1,104818
3,38693
9,168725
0,2337309
12,72368
0,2339424
18,79196
0,2344538
13,58314
3,38911
15,61532
2,44095
0,2347610
14,62923
9,169776
3,39010
10,150347
14,63127
2,44265
7,63309
14,63227
1,106117
1,106118
0,2361755
9,170727
1,106286
0,2364199
0,2365888
7,63563
9,170932
1,106446
1,106555
2,44542
1,106614
11,43702
8,36272
0,2374321
17,21785
0,2377394
11,43781
9,171835
0,2381817
14,63815
10,152122
1,107200
0,2384798
0,2385779
9,172419
0,2388322
12,73949
9,172668
8,36542
10,152770
15,62762
9,172889
9,172940
9,173074
0,2396564
15,62888
7,64453
10,153252
14,64380
14,64413
10,153528
0,2405489
1,108164
0,2407220
13,59901
9,174025
3,39999
1,108453
13,60007
13,60044
9,174372
0,2415958
2,45383
0,2416538
6,21432
14,64793
0,2420920
13,60215
14,64892
4,96597
0,2422932
10,154732
5,21594
1,109023
9,175191
13,60338
6,21531
4,96871
9,175523
0,2431683
15,63820
0,2433466
15,63862
18,82316
=,=
8,31
6,6597
0,706
4,5067
6,24298
15,5934
6,40049
4,21511
6,56083
15,10457
15,10950
6,90264
19,11669
12,28873
6,111008
13,10537
6,114915
19,15168
10,50383
4,74982
0,15194
19,19826
6,155453
12,51274
14,5197
19,23127
12,57389
10,79697
6,201641
12,61800
13,19379
19,27146
19,27276
6,216144
14,6563
12,65983
19,30034
3,1660492
4,129841
4,131843
8,21248
6,249234
4,136822
3,1837132
6,260131
0,32424
5,21803
10,131209
6,338103
12,105327
8,31224
6,364623
6,367660
4,201968
15,57141
12,115653
15,57852
6,388678
12,119382
6,398367
4,219407
12,124549
6,412892
12,126125
4,226453
12,128230
6,425475
19,57103
15,67391
10,178784
1,19765
5,31342
15,71248
10,190381
19,62160
16,23408
6,501617
4,270110
15,75697
6,505864
2,67012
4,275788
12,161410
4,289320
15,81393
6,542975
6,544568
10,216345
4,295904
4,302932
10,230372
0,61737
19,78024
0,65748
19,83049
6,648962
10,260201
10,264338
6,673317
10,269472
4,369178
10,274447
12,214019
12,214871
19,92670
10,286616
5,49246
12,221568
10,290669
5,49864
6,739971
19,95795
15,112014
6,756156
6,759732
5,51786
=,=
9,494795
12,1416
9,1157461
9,1351310
9,1604600
17,13726
9,2198367
9,2222069
9,2488646
9,2824356
2,139727
9,3223645
9,3325809
9,3464355
2,170358
9,4112716
9,4209352
2,211472
9,4566894
9,4719804
9,5428427
9,5478611
9,5511556
9,5524560
9,5864583
9,6256791
9,6259355
9,6338363
13,32280
9,6507737
15,26577
9,7003440
13,35377
13,35387
15,28521
9,7637394
9,8075584
9,8268253
9,8390463
9,8483608
9,8498401
9,8617715
9,8668587
9,8782503
18,13376
9,9204729
9,9222818
9,9317300
9,9455155
0,16299
9,9633535
9,9793042
9,10029016
2,490206
9,10046907
9,10174738
3,30326
9,10791109
9,11186947
9,11642880
19,46268
9,12211061
9,12280970
2,603226
9,12544492
9,13121988
13,68219
9,13611389
9,13749207
9,13808762
9,14061441
9,14253765
9,14494030
9,14719911
9,15386255
9,15740336
9,16207778
9,16257245
9,16549394
9,17400531
9,17523837
9,17641065
9,17872832
9,17923400
9,18105225
15,72283
9,18415724
9,18622017
1,19064
9,18952953
13,95779
9,19192364
13,96909
9,19638473
13,101173
9,20169864
2,988554
9,20553811
9,20809318
9,20815314
9,21043068
=,=
8,3829441
8,6865232
8,8229484
8,10345959
10,371148
7,145499
8,21798495
8,22373574
=,=
8,48296
19,2240
16,8724
13,49805
5,6260
0,8081
4,21216
8,292547
6,35859
13,118132
18,22184
17,85702
10,52768
13,149568
6,56094
1,7761
13,183026
4,50579
18,31132
11,39624
13,256402
13,278196
13,280734
13,282222
8,1060529
13,289877
4,82782
17,190324
17,200205
13,338206
18,54275
0,40940
18,63190
13,409959
3,81723
2,27719
9,81890
4,126189
=,=
