NodeID,Collisions
0,117320
1,117320
2,117320
3,117320
0,348445
1,348445
2,348445
3,348445
0,212760
1,212760
2,212760
3,212760
0,41808
1,41808
2,41808
3,41808
0,406707
1,406707
2,406707
3,406707
0,312962
1,312962
2,312962
3,312962
0,161969
1,161969
2,161969
3,161969
0,40283
1,40283
2,40283
3,40283
0,114012
1,114012
2,114012
3,114012
0,231077
1,231077
2,231077
3,231077
0,243362
1,243362
2,243362
3,243362
0,43299
1,43299
2,43299
3,43299
0,75337
1,75337
2,75337
3,75337
0,98442
1,98442
2,98442
3,98442
0,150527
1,150527
2,150527
3,150527
0,101527
1,101527
2,101527
3,101527
0,229044
1,229044
2,229044
3,229044
0,144156
1,144156
2,144156
3,144156
0,77377
1,77377
2,77377
3,77377
0,288567
1,288567
2,288567
3,288567
