SenderID,SequenceNum
0,55
0,183
0,385
0,552
0,695
0,888
0,917
0,937
0,1016
0,1083
0,1156
0,1252
0,1261
0,1263
0,1416
0,1852
0,2125
0,2229
0,2336
0,2358
0,2575
0,2719
0,2747
0,2780
0,2851
0,2913
0,3043
0,3061
0,3169
0,3183
0,3234
0,3487
0,3603
0,3700
0,3729
0,3743
0,3781
0,3830
0,3991
0,4054
0,4161
0,4331
0,4449
0,4514
0,4523
0,4620
0,4681
0,4758
0,4910
0,4919
0,4929
0,4946
0,4985
0,5149
0,5224
0,5318
0,5332
0,5429
0,5745
0,5837
0,5949
0,6006
0,6022
0,6049
0,6339
0,6380
0,6453
0,6518
0,6626
0,6765
0,6768
0,6780
0,6901
0,6972
0,7020
0,7027
0,7188
0,7360
0,7544
0,7573
0,7675
0,7710
0,7788
0,7912
0,8029
0,8086
0,8392
0,8600
0,8659
0,8661
0,8663
0,8740
0,8800
0,8951
0,9288
0,9486
0,9586
0,9732
0,9807
0,10044
0,10062
0,10281
0,10458
0,10509
0,10546
0,10939
0,10973
0,11015
0,11076
0,11210
0,11356
0,11440
0,11514
0,11595
0,11650
0,11698
0,11747
0,11818
0,11839
0,11852
0,11855
0,12025
0,12177
0,12185
0,12428
0,12451
0,12458
0,12573
0,12607
0,12713
0,12886
0,12899
0,12914
0,12953
0,12967
0,13141
0,13334
0,13412
0,13609
0,13849
0,13969
0,13996
0,14123
0,14177
0,14196
0,14242
0,14296
0,14527
0,14684
0,14822
0,14840
0,14885
0,14898
0,14951
0,15038
0,15061
0,15072
0,15143
0,15158
0,15210
0,15280
0,15283
0,15422
0,15458
0,15498
0,15539
0,15697
0,15814
0,15850
0,15966
0,16074
0,16301
0,16340
0,16396
0,16515
0,16580
0,16685
0,16744
0,16901
0,17045
0,17091
0,17162
0,17299
0,17326
0,17352
0,17380
0,17424
0,17688
0,17727
0,17728
0,17891
0,17944
0,18075
0,18120
0,18261
0,18385
0,18482
0,18682
0,18767
0,19196
0,19199
0,19329
0,19524
0,19651
0,19690
0,19774
0,19812
0,19828
0,19911
0,20172
0,20214
0,20336
0,20489
0,20608
0,20657
0,20743
0,20761
0,20873
0,20918
0,20955
0,21085
0,21212
0,21270
0,21427
0,21511
0,21665
0,21754
0,21865
0,21974
0,22029
0,22067
0,22164
0,22271
0,22317
0,22395
0,22561
0,22566
0,22593
0,22667
0,22714
0,22766
0,23071
0,23369
0,23400
0,23701
0,23832
0,23877
0,23897
0,23958
0,24540
0,24570
0,24726
0,24870
0,24910
0,24925
0,25032
0,25316
0,25356
0,25436
0,25478
0,25538
0,25614
0,25658
0,25678
0,25800
0,25816
0,25862
0,26032
0,26035
0,26225
0,26294
0,26398
0,26538
0,26645
0,26705
0,26764
0,26825
0,26883
0,26975
0,27049
0,27202
0,27242
0,27326
0,27551
0,27560
0,27581
0,27590
0,27622
0,27643
0,27800
0,27898
0,27924
0,27967
0,28110
0,28185
0,28258
0,28363
0,28573
0,28665
0,28760
0,28795
0,28889
0,28891
0,28938
0,28983
0,29120
0,29125
0,29159
0,29180
0,29331
0,29358
0,29452
0,29461
0,29492
0,29507
0,29595
0,29630
0,29640
0,29890
0,29957
0,30054
0,30055
0,30855
0,30964
0,30974
0,31007
0,31116
0,31175
0,31180
0,31216
0,31280
0,31300
0,31347
0,31356
0,31407
0,31457
0,31496
0,31512
0,31539
0,31596
0,31846
0,31911
0,32052
0,32077
0,32091
0,32093
0,32110
0,32160
0,32188
0,32423
0,32450
0,32630
0,32640
0,32863
0,32907
0,32942
0,33074
0,33110
0,33208
0,33259
0,33301
0,33487
0,33519
0,33601
0,33902
0,34203
0,34347
0,34442
0,34499
0,34637
0,34983
0,35008
0,35284
0,35322
0,35478
0,35490
0,35617
0,35633
0,35647
0,35803
0,35986
0,36022
0,36030
0,36092
0,36276
0,36293
0,36314
0,36337
0,36655
0,36660
0,36677
0,36798
0,36817
0,36878
0,36923
0,36991
0,37018
0,37333
0,37349
0,37355
0,37508
0,37538
0,37559
0,37604
0,37631
0,37759
0,37770
0,37938
0,38028
0,38161
0,38380
0,38384
0,38430
0,38457
0,38487
0,38490
0,38604
0,38684
0,38704
0,38715
0,38730
0,38852
0,38875
0,38913
0,39093
0,39094
0,39314
0,39342
0,39516
0,39655
0,39758
0,39804
0,39813
0,39902
0,40116
0,40189
0,40231
0,40390
0,40408
0,40457
0,40585
0,40628
0,40658
0,40807
0,40832
0,40934
0,40952
0,40958
0,41065
0,41074
0,41202
0,41382
0,41459
0,41584
0,41730
0,41831
0,41866
0,41919
0,41938
0,41989
0,42048
0,42065
0,42191
0,42203
0,42290
0,42523
0,42539
0,42758
0,42997
0,43382
0,43476
0,43572
0,43587
0,43715
0,43824
0,44038
0,44069
0,44247
0,44306
0,44373
0,44420
0,44489
0,44564
0,44571
0,44584
0,44589
0,44629
0,44646
0,44673
0,44815
0,44869
0,44911
0,44976
0,45094
0,45115
0,45192
0,45194
0,45292
0,45304
0,45324
0,45367
0,45393
0,45394
0,45420
0,45614
0,45728
0,45760
0,45873
0,46134
0,46156
0,46349
0,46436
0,46608
0,46660
0,46819
0,47090
0,47259
0,47296
0,47315
0,47462
0,47475
0,47477
0,47560
0,47577
0,47586
0,47639
0,47775
0,47795
0,47813
0,47879
0,47897
0,48077
0,48168
0,48189
0,48251
0,48300
0,48338
0,48347
0,48715
0,48840
0,48878
0,49064
0,49124
0,49181
0,49241
0,49373
0,49390
0,49438
0,49501
0,49638
0,49692
0,49728
0,49793
0,49865
0,49990
0,50057
0,50147
0,50467
0,50469
0,50598
0,50697
0,50741
0,50753
0,50814
0,50859
0,50961
0,51045
0,51126
0,51330
0,51428
0,51436
0,51517
0,51539
0,51554
0,51733
0,51853
0,51895
0,51903
0,52052
0,52187
0,52375
0,52401
0,52543
0,52594
0,52639
0,52716
0,52759
0,52766
0,52849
0,52875
0,52927
0,53030
0,53032
0,53520
0,53616
0,53757
0,53850
0,53880
0,53995
0,54040
0,54140
0,54166
0,54257
0,54267
0,54274
0,54339
0,54347
0,54412
0,54425
0,54453
0,54708
0,54748
0,54881
0,54910
0,54959
0,55025
0,55081
0,55186
0,55207
0,55215
0,55319
0,55410
0,55487
0,55592
0,55688
0,55827
0,55840
0,55870
0,55875
0,56092
0,56299
0,56300
0,56466
0,56478
0,56527
0,56638
0,56690
0,56812
0,57178
0,57205
0,57295
0,57311
0,57458
0,57519
0,57589
0,57639
0,57962
0,58032
0,58243
0,58415
0,58460
0,58489
0,58500
0,58588
0,58601
0,58673
0,58797
0,58807
0,58894
0,58901
0,58917
0,59248
0,59351
0,59358
0,59413
0,59672
0,59830
0,59845
0,60011
0,60057
0,60206
0,60311
0,60521
0,60615
0,60681
0,60722
0,60734
0,60758
0,60795
0,60875
0,60906
0,60960
0,61052
0,61057
0,61279
0,61341
0,61480
0,61578
0,61751
0,61775
0,61788
0,61947
0,61948
0,62006
0,62030
0,62066
0,62172
0,62174
0,62423
0,62625
0,62648
0,62795
0,62819
0,62833
0,63039
0,63074
0,63108
0,63111
0,63424
0,63434
0,63440
0,63682
0,63782
0,63885
0,63887
0,63932
0,64172
0,64304
0,64309
0,64452
0,64478
0,64494
0,64652
0,64700
0,64776
0,64960
0,64963
0,65118
0,65304
0,65373
0,65433
0,65514
0,65580
0,65587
0,65749
0,65750
0,65996
0,66009
0,66068
0,66170
0,66189
0,66209
0,66231
0,66303
0,66355
0,66408
0,66529
0,66569
0,66693
0,66747
0,66789
0,66913
0,67039
0,67130
0,67229
0,67334
0,67908
0,67942
0,67976
0,68021
0,68049
0,68077
0,68151
0,68230
0,68274
0,68319
0,68457
0,68485
0,68488
0,68504
0,68536
0,68581
0,68585
0,68669
0,68854
0,68932
0,68958
0,69239
0,69420
0,69421
0,69449
0,69544
0,69569
0,69605
0,69636
0,69705
0,69706
0,69844
0,69969
0,70004
0,70091
0,70100
0,70112
0,70318
0,70331
0,70450
0,70487
0,70494
0,70497
0,70532
0,70589
0,70603
0,70738
0,70748
0,70765
0,70774
0,70896
0,71022
0,71068
0,71083
0,71163
0,71188
0,71304
0,71436
0,71504
0,71619
0,71666
0,71686
0,71792
0,71922
0,72214
0,72258
0,72352
0,72394
0,72397
0,72673
0,72811
0,72842
0,72870
0,72993
0,73096
0,73221
0,73280
0,73375
0,73473
0,73526
0,73536
0,73541
0,73543
0,73667
0,73830
0,74095
0,74236
0,74361
0,74424
0,74596
0,74619
0,74767
0,74781
0,74825
0,74927
0,75069
0,75105
0,75372
0,75398
0,75470
0,75506
0,75520
0,75559
0,75567
0,75577
0,75672
0,75686
0,75741
0,75793
0,75839
0,75856
0,75954
0,76012
0,76036
0,76202
0,76237
0,76297
0,76309
0,76315
0,76347
0,76635
0,76648
0,76725
0,76759
0,76817
0,76978
0,76999
0,77088
0,77108
0,77223
0,77263
0,77272
0,77320
0,77510
0,77572
0,77612
0,77808
0,77837
0,78003
0,78321
0,78439
0,78501
0,78525
0,78546
0,78578
0,78595
0,78612
0,78761
0,78927
0,79006
0,79238
0,79473
0,79639
0,79702
0,79717
0,79762
0,79798
0,79896
0,79906
0,80201
0,80464
0,80510
0,80641
0,80795
0,80894
0,80919
0,80960
0,81123
0,81140
0,81182
0,81198
0,81439
0,81707
0,81757
0,81813
0,81965
0,82115
0,82131
0,82428
0,82465
0,82535
0,82551
0,82557
0,82753
0,82785
0,82786
0,82852
0,82861
0,82972
0,83045
0,83096
0,83137
0,83183
0,83203
0,83205
0,83278
0,83545
0,83700
0,83821
0,83903
0,83927
0,84037
0,84051
0,84205
0,84268
0,84347
0,84566
0,84655
0,84760
0,84764
0,84977
0,85102
0,85116
0,85133
0,85387
0,85401
0,85526
0,85870
0,85885
0,85969
0,85973
0,85977
0,86018
0,86107
0,86164
0,86264
0,86452
0,86543
0,86544
0,86562
0,86675
0,86676
0,86729
0,86798
0,87088
0,87171
0,87179
0,87247
0,87405
0,87454
0,87523
0,87653
0,87818
0,87878
0,88063
0,88072
0,88083
0,88099
0,88172
0,88191
0,88392
0,88420
0,88452
0,88461
0,88514
0,88552
0,88557
0,88638
0,88686
0,88687
0,88692
0,88725
0,88785
0,88818
0,88824
0,88945
0,88955
0,89021
0,89085
0,89132
0,89179
0,89203
0,89290
0,89336
0,89376
0,89405
0,89549
0,89626
0,89838
0,89842
0,89900
0,90112
0,90114
0,90150
0,90320
0,90355
0,90379
0,90789
0,90793
0,90855
0,90882
0,90931
0,91069
0,91116
0,91158
0,91167
0,91231
0,91242
0,91327
0,91357
0,91365
0,91372
0,91383
0,91439
0,91691
0,91711
0,91773
0,91792
0,91873
0,91877
0,91925
0,92110
0,92200
0,92223
0,92276
0,92394
0,92428
0,92438
0,92454
0,92486
0,92511
0,92785
0,92849
0,92877
0,93098
0,93151
0,93617
0,93715
0,93753
0,93777
0,93791
0,93806
0,93841
0,93856
0,94012
0,94036
0,94108
0,94162
0,94226
0,94256
0,94432
0,94545
0,94550
0,94618
0,94723
0,94787
0,94902
0,94903
0,94936
0,94955
0,95051
0,95062
0,95322
0,95434
0,95447
0,95474
0,95692
0,95751
0,95958
0,96071
0,96496
0,96566
0,96689
0,96740
0,96836
0,96838
0,96840
0,96939
0,96943
0,97074
0,97102
0,97321
0,97467
0,97500
0,97542
0,97559
0,97576
0,97629
0,97673
0,97969
0,98010
0,98062
0,98143
0,98219
0,98238
0,98295
0,98338
0,98389
0,98421
0,98471
0,98627
0,98650
0,98686
0,98732
0,98755
0,98756
0,98784
0,98836
0,98887
0,98952
0,98954
0,98994
0,99066
0,99095
0,99121
0,99273
0,99303
0,99418
0,99551
0,99585
0,99607
0,99633
0,99667
0,99795
0,99910
0,99954
=,=
