SenderID,SequenceNum
0,11
0,34
0,36
0,50
0,68
0,111
0,125
0,133
0,190
0,198
0,204
0,250
0,254
0,278
0,279
0,280
0,293
0,298
0,300
0,317
0,318
0,329
0,330
0,362
0,396
0,399
0,412
0,427
0,439
0,458
0,463
0,497
0,498
0,510
0,567
0,576
0,591
0,613
0,634
0,682
0,688
0,722
0,731
0,736
0,744
0,748
0,750
0,770
0,771
0,782
0,813
0,814
0,831
0,832
0,835
0,878
0,884
0,895
0,936
0,944
0,949
0,971
0,973
0,990
0,996
0,998
0,1001
0,1005
0,1034
0,1069
0,1091
0,1095
0,1100
0,1104
0,1106
0,1172
0,1177
0,1197
0,1202
0,1211
0,1217
0,1228
0,1255
0,1262
0,1286
0,1305
0,1318
0,1344
0,1347
0,1370
0,1396
0,1403
0,1417
0,1438
0,1462
0,1486
0,1487
0,1496
0,1506
0,1508
0,1512
0,1527
0,1541
0,1555
0,1578
0,1592
0,1600
0,1604
0,1670
0,1679
0,1714
0,1715
0,1748
0,1767
0,1788
0,1872
0,1886
0,1901
0,1905
0,1954
0,1964
0,1973
0,2017
0,2042
0,2043
0,2132
0,2176
0,2178
0,2193
0,2197
0,2203
0,2218
0,2232
0,2242
0,2246
0,2311
0,2331
0,2336
0,2341
0,2385
0,2400
0,2419
0,2427
0,2438
0,2463
0,2487
0,2497
0,2507
0,2509
0,2510
0,2515
0,2522
0,2525
0,2551
0,2554
0,2559
0,2560
0,2618
0,2647
0,2674
0,2699
0,2707
0,2726
0,2743
0,2781
0,2785
0,2825
0,2827
0,2846
0,2870
0,2876
0,2889
0,2896
0,2919
0,2931
0,2957
0,2966
0,3001
0,3011
0,3017
0,3029
0,3105
0,3147
0,3202
0,3204
0,3225
0,3245
0,3255
0,3275
0,3299
0,3300
0,3316
0,3325
0,3349
0,3388
0,3407
0,3411
0,3418
0,3419
0,3434
0,3484
0,3497
0,3512
0,3520
0,3529
0,3547
0,3549
0,3552
0,3557
0,3571
0,3587
0,3601
0,3610
0,3618
0,3629
0,3653
0,3661
0,3684
0,3693
0,3713
0,3716
0,3740
0,3744
0,3759
0,3781
0,3791
0,3795
0,3812
0,3830
0,3832
0,3835
0,3839
0,3842
0,3854
0,3857
0,3864
0,3903
0,3920
0,3968
0,3983
0,3989
0,4006
0,4009
0,4012
0,4017
0,4035
0,4046
0,4114
0,4119
0,4120
0,4164
0,4184
0,4284
0,4304
0,4307
0,4405
0,4420
0,4423
0,4429
0,4443
0,4462
0,4480
0,4522
0,4560
0,4562
0,4585
0,4589
0,4592
0,4596
0,4603
0,4650
0,4661
0,4662
0,4683
0,4687
0,4722
0,4742
0,4770
0,4831
0,4837
0,4857
0,4866
0,4894
0,4904
0,4932
0,4960
0,4975
0,5008
0,5019
0,5046
0,5051
0,5067
0,5083
0,5103
0,5119
0,5141
0,5149
0,5151
0,5194
0,5212
0,5233
0,5240
0,5244
0,5250
0,5277
0,5287
0,5351
0,5355
0,5393
0,5395
0,5425
0,5437
0,5476
0,5484
0,5521
0,5527
0,5531
0,5597
0,5602
0,5636
0,5641
0,5642
0,5726
0,5775
0,5784
0,5787
0,5829
0,5832
0,5869
0,5955
0,5974
0,6034
0,6117
0,6145
0,6185
0,6194
0,6211
0,6235
0,6259
0,6287
0,6288
0,6295
0,6297
0,6306
0,6308
0,6309
0,6311
0,6326
0,6332
0,6349
0,6425
0,6435
0,6478
0,6494
0,6503
0,6512
0,6522
0,6532
0,6544
0,6555
0,6592
0,6600
0,6607
0,6618
0,6619
0,6627
0,6659
0,6663
0,6695
0,6709
0,6731
0,6732
0,6774
0,6781
0,6784
0,6831
0,6835
0,6857
0,6864
0,6900
0,6912
0,6920
0,6934
0,6936
0,6945
0,6982
0,6986
0,6989
0,7015
0,7054
0,7066
0,7089
0,7105
0,7114
0,7133
0,7182
0,7218
0,7226
0,7233
0,7239
0,7242
0,7252
0,7264
0,7280
0,7314
0,7320
0,7366
0,7377
0,7432
0,7458
0,7506
0,7524
0,7532
0,7544
0,7573
0,7604
0,7615
0,7620
0,7621
0,7629
0,7639
0,7649
0,7654
0,7676
0,7678
0,7681
0,7713
0,7740
0,7782
0,7794
0,7822
0,7832
0,7837
0,7881
0,7889
0,7893
0,7895
0,7901
0,7911
0,7913
0,7947
0,7949
0,7951
0,8005
0,8009
0,8010
0,8021
0,8048
0,8049
0,8056
0,8087
0,8095
0,8102
0,8111
0,8118
0,8120
0,8128
0,8141
0,8165
0,8170
0,8200
0,8217
0,8225
0,8237
0,8303
0,8334
0,8344
0,8355
0,8367
0,8383
0,8391
0,8395
0,8458
0,8467
0,8469
0,8475
0,8513
0,8522
0,8528
0,8536
0,8539
0,8542
0,8544
0,8551
0,8558
0,8581
0,8582
0,8587
0,8593
0,8623
0,8658
0,8692
0,8700
0,8720
0,8736
0,8763
0,8803
0,8831
0,8837
0,8900
0,8908
0,8938
0,8943
0,8950
0,8951
0,8960
0,9002
0,9061
0,9075
0,9083
0,9118
0,9157
0,9195
0,9207
0,9230
0,9235
0,9247
0,9270
0,9304
0,9312
0,9315
0,9333
0,9337
0,9353
0,9363
0,9373
0,9414
0,9417
0,9424
0,9454
0,9497
0,9533
0,9535
0,9550
0,9556
0,9568
0,9646
0,9687
0,9717
0,9727
0,9729
0,9738
0,9740
0,9742
0,9843
0,9868
0,9900
0,9910
0,9918
0,9931
0,9933
0,9945
0,9973
0,9975
0,9986
0,9994
0,10006
0,10008
0,10047
0,10050
0,10067
0,10083
0,10087
0,10097
0,10102
0,10120
0,10128
0,10145
0,10149
0,10154
0,10161
0,10165
0,10181
0,10182
0,10189
0,10191
0,10202
0,10210
0,10238
0,10263
0,10292
0,10357
0,10368
0,10372
0,10384
0,10437
0,10450
0,10451
0,10455
0,10458
0,10467
0,10545
0,10569
0,10636
0,10637
0,10640
0,10674
0,10711
0,10726
0,10756
0,10795
0,10804
0,10817
0,10826
0,10838
0,10843
0,10866
0,10927
0,10958
0,10997
0,11010
0,11014
0,11034
0,11041
0,11047
0,11061
0,11105
0,11136
0,11143
0,11152
0,11165
0,11180
0,11181
0,11228
0,11244
0,11269
0,11302
0,11335
0,11395
0,11400
0,11413
0,11416
0,11437
0,11454
0,11457
0,11474
0,11481
0,11508
0,11509
0,11524
0,11569
0,11570
0,11608
0,11609
0,11613
0,11619
0,11623
0,11658
0,11664
0,11702
0,11716
0,11739
0,11760
0,11791
0,11795
0,11799
0,11814
0,11820
0,11821
0,11890
0,11907
0,11926
0,11930
0,11934
0,11947
0,11953
0,11968
0,11980
0,11993
0,12017
0,12029
0,12053
0,12146
0,12169
0,12177
0,12186
0,12206
0,12227
0,12282
0,12296
0,12304
0,12309
0,12334
0,12346
0,12349
0,12375
0,12386
0,12393
0,12400
0,12424
0,12434
0,12438
0,12453
0,12482
0,12486
0,12490
0,12510
0,12545
0,12603
0,12673
0,12681
0,12704
0,12738
0,12757
0,12789
0,12799
0,12800
0,12829
0,12848
0,12856
0,12864
0,12871
0,12873
0,12887
0,12889
0,12922
0,12949
0,12975
0,12983
0,12992
0,13006
0,13019
0,13044
0,13099
0,13100
0,13101
0,13103
0,13125
0,13129
0,13130
0,13135
0,13146
0,13148
0,13167
0,13210
0,13230
0,13234
0,13236
0,13242
0,13251
0,13268
0,13277
0,13315
0,13317
0,13332
0,13344
0,13357
0,13367
0,13371
0,13396
0,13401
0,13424
0,13429
0,13430
0,13451
0,13465
0,13482
0,13484
0,13504
0,13505
0,13507
0,13543
0,13555
0,13556
0,13560
0,13568
0,13586
0,13592
0,13600
0,13618
0,13629
0,13676
0,13742
0,13749
0,13760
0,13776
0,13789
0,13791
0,13794
0,13829
0,13838
0,13845
0,13848
0,13866
0,13874
0,13882
0,13888
0,13891
0,13898
0,13902
0,13918
0,13932
0,13935
0,13939
0,13941
0,13949
0,13955
0,13956
0,13972
0,13993
0,14031
0,14043
0,14046
0,14085
0,14088
0,14137
0,14145
0,14152
0,14166
0,14172
0,14177
0,14186
0,14195
0,14211
0,14224
0,14232
0,14238
0,14288
0,14296
0,14335
0,14369
0,14387
0,14402
0,14457
0,14482
0,14498
0,14580
0,14598
0,14665
0,14678
0,14696
0,14701
0,14711
0,14715
0,14733
0,14744
0,14753
0,14757
0,14784
0,14791
0,14794
0,14796
0,14799
0,14817
0,14851
0,14852
0,14874
0,14934
0,14938
0,14970
0,14976
0,15021
0,15044
0,15060
0,15106
0,15115
0,15121
0,15136
0,15144
0,15176
0,15181
0,15195
0,15199
0,15200
0,15213
0,15244
0,15254
0,15260
0,15278
0,15286
0,15288
0,15289
0,15297
0,15320
0,15337
0,15339
0,15340
0,15346
0,15355
0,15368
0,15381
0,15414
0,15415
0,15425
0,15426
0,15431
0,15517
0,15520
0,15538
0,15539
0,15583
0,15598
0,15624
0,15631
0,15666
0,15712
0,15720
0,15723
0,15762
0,15793
0,15812
0,15813
0,15844
0,15888
0,15909
0,15931
0,15935
0,15950
0,15982
0,16014
0,16015
0,16042
0,16107
0,16110
0,16124
0,16149
0,16175
0,16251
0,16277
0,16312
0,16318
0,16350
0,16370
0,16411
0,16423
0,16445
0,16455
0,16458
0,16474
0,16493
0,16512
0,16537
0,16541
0,16546
0,16550
0,16620
0,16638
0,16641
0,16658
0,16712
0,16740
0,16780
0,16793
0,16799
0,16829
0,16850
0,16869
0,16882
0,16908
0,16923
0,16962
0,16994
0,17008
0,17031
0,17072
0,17080
0,17081
0,17123
0,17161
0,17167
0,17170
0,17205
0,17231
0,17300
0,17345
0,17352
0,17372
0,17389
0,17398
0,17426
0,17458
0,17462
0,17489
0,17499
0,17514
0,17524
0,17552
0,17553
0,17604
0,17618
0,17647
0,17652
0,17674
0,17676
0,17707
0,17711
0,17748
0,17757
0,17783
0,17784
0,17791
0,17849
0,17854
0,17856
0,17863
0,17877
0,17879
0,17907
0,17915
0,17927
0,17988
0,18000
0,18037
0,18038
0,18041
0,18058
0,18114
0,18125
0,18131
0,18140
0,18150
0,18156
0,18167
0,18170
0,18173
0,18208
0,18223
0,18228
0,18233
0,18246
0,18251
0,18253
0,18254
0,18315
0,18332
0,18340
0,18373
0,18374
0,18379
0,18393
0,18399
0,18419
0,18428
0,18434
0,18486
0,18501
0,18509
0,18516
0,18536
0,18539
0,18562
0,18583
0,18591
0,18602
0,18627
0,18628
0,18635
0,18655
0,18665
0,18666
0,18672
0,18674
0,18752
0,18801
0,18808
0,18811
0,18838
0,18845
0,18870
0,18944
0,18986
0,19000
0,19005
0,19011
0,19013
0,19018
0,19043
0,19045
0,19048
0,19059
0,19060
0,19065
0,19071
0,19074
0,19081
0,19091
0,19092
0,19095
0,19127
0,19150
0,19195
0,19203
0,19207
0,19213
0,19241
0,19245
0,19267
0,19281
0,19294
0,19296
0,19298
0,19302
0,19331
0,19357
0,19396
0,19407
0,19422
0,19423
0,19434
0,19435
0,19450
0,19480
0,19490
0,19522
0,19531
0,19544
0,19553
0,19576
0,19623
0,19630
0,19640
0,19647
0,19656
0,19668
0,19675
0,19714
0,19727
0,19736
0,19741
0,19743
0,19749
0,19780
0,19842
0,19864
0,19872
0,19882
0,19886
0,19920
0,19923
0,19949
0,19956
0,19972
0,20010
0,20032
0,20043
0,20061
0,20062
0,20071
0,20112
0,20149
0,20156
0,20176
0,20177
0,20252
0,20277
0,20323
0,20395
0,20398
0,20478
0,20492
0,20496
0,20508
0,20511
0,20512
0,20520
0,20589
0,20602
0,20605
0,20609
0,20651
0,20675
0,20686
0,20687
0,20705
0,20723
0,20726
0,20728
0,20750
0,20765
0,20770
0,20774
0,20784
0,20785
0,20788
0,20793
0,20813
0,20817
0,20873
0,20884
0,20886
0,20887
0,20901
0,20930
0,20938
0,20944
0,20946
0,20966
0,20967
0,20996
0,20997
0,21009
0,21010
0,21014
0,21018
0,21032
0,21033
0,21070
0,21082
0,21103
0,21124
0,21145
0,21164
0,21175
0,21176
0,21210
0,21243
0,21248
0,21281
0,21309
0,21312
0,21314
0,21322
0,21330
0,21365
0,21375
0,21401
0,21406
0,21417
0,21420
0,21433
0,21447
0,21485
0,21490
0,21511
0,21516
0,21557
0,21576
0,21590
0,21600
0,21623
0,21631
0,21641
0,21659
0,21664
0,21672
0,21722
0,21751
0,21759
0,21778
0,21790
0,21802
0,21807
0,21812
0,21831
0,21857
0,21898
0,21925
0,21941
0,21966
0,21969
0,21976
0,21985
0,21987
0,22033
0,22039
0,22060
0,22077
0,22119
0,22145
0,22168
0,22208
0,22214
0,22272
0,22283
0,22310
0,22316
0,22358
0,22365
0,22400
0,22416
0,22447
0,22527
0,22532
0,22540
0,22553
0,22574
0,22607
0,22609
0,22618
0,22623
0,22639
0,22648
0,22691
0,22709
0,22814
0,22821
0,22828
0,22847
0,22899
0,22912
0,22927
0,22964
0,22969
0,22981
0,22992
0,23007
0,23019
0,23058
0,23061
0,23070
0,23081
0,23099
0,23124
0,23147
0,23157
0,23193
0,23218
0,23224
0,23261
0,23287
0,23340
0,23364
0,23386
0,23400
0,23409
0,23434
0,23454
0,23480
0,23488
0,23513
0,23530
0,23579
0,23589
0,23597
0,23622
0,23627
0,23642
0,23650
0,23658
0,23714
0,23762
0,23809
0,23839
0,23840
0,23851
0,23898
0,23904
0,23914
0,23928
0,23929
0,23948
0,23951
0,23991
0,24024
0,24044
0,24064
0,24068
0,24069
0,24114
0,24123
0,24143
0,24152
0,24203
0,24212
0,24239
0,24256
0,24262
0,24263
0,24285
0,24294
0,24296
0,24298
0,24329
0,24346
0,24349
0,24385
0,24408
0,24419
0,24426
0,24459
0,24460
0,24478
0,24502
0,24533
0,24549
0,24609
0,24614
0,24681
0,24686
0,24712
0,24717
0,24722
0,24744
0,24800
0,24837
0,24884
0,24886
0,24907
0,24959
0,24963
0,25003
0,25005
0,25008
0,25013
0,25028
0,25033
0,25046
0,25047
0,25050
0,25066
0,25083
0,25085
0,25181
0,25188
0,25191
0,25213
0,25215
0,25216
0,25229
0,25253
0,25257
0,25260
0,25261
0,25283
0,25303
0,25309
0,25310
0,25311
0,25322
0,25390
0,25405
0,25440
0,25447
0,25449
0,25453
0,25481
0,25492
0,25493
0,25507
0,25511
0,25534
0,25562
0,25565
0,25590
0,25595
0,25642
0,25646
0,25650
0,25657
0,25668
0,25682
0,25712
0,25755
0,25766
0,25811
0,25823
0,25832
0,25880
0,25925
0,25932
0,25949
0,25954
0,25976
0,25978
0,25986
0,26025
0,26069
0,26070
0,26071
0,26087
0,26110
0,26115
0,26143
0,26151
0,26160
0,26162
0,26172
0,26176
0,26188
0,26193
0,26203
0,26216
0,26224
0,26236
0,26252
0,26254
0,26297
0,26316
0,26362
0,26373
0,26392
0,26407
0,26412
0,26445
0,26446
0,26458
0,26477
0,26513
0,26551
0,26554
0,26556
0,26568
0,26588
0,26610
0,26637
0,26639
0,26642
0,26661
0,26672
0,26742
0,26746
0,26754
0,26771
0,26774
0,26775
0,26778
0,26779
0,26784
0,26785
0,26787
0,26797
0,26805
0,26829
0,26838
0,26840
0,26853
0,26864
0,26896
0,26906
0,26931
0,26940
0,26943
0,26948
0,26970
0,26980
0,26990
0,26994
0,27077
0,27085
0,27095
0,27110
0,27114
0,27117
0,27160
0,27213
0,27230
0,27276
0,27277
0,27278
0,27305
0,27314
0,27324
0,27327
0,27335
0,27357
0,27359
0,27363
0,27384
0,27390
0,27391
0,27406
0,27443
0,27462
0,27477
0,27497
0,27503
0,27534
0,27546
0,27599
0,27600
0,27688
0,27696
0,27733
0,27747
0,27769
0,27781
0,27803
0,27806
0,27811
0,27837
0,27849
0,27854
0,27864
0,27868
0,27877
0,27898
0,27910
0,27928
0,27955
0,27991
0,28001
0,28013
0,28038
0,28041
0,28055
0,28076
0,28091
0,28141
0,28143
0,28144
0,28145
0,28226
0,28242
0,28256
0,28289
0,28304
0,28314
0,28315
0,28332
0,28357
0,28388
0,28396
0,28405
0,28430
0,28458
0,28466
0,28563
0,28565
0,28591
0,28611
0,28634
0,28680
0,28683
0,28712
0,28713
0,28717
0,28726
0,28789
0,28808
0,28810
0,28821
0,28826
0,28830
0,28862
0,28880
0,28894
0,28902
0,28925
0,28954
0,28996
0,29005
0,29013
0,29028
0,29043
0,29057
0,29063
0,29064
0,29066
0,29138
0,29161
0,29168
0,29174
0,29197
0,29202
0,29213
0,29253
0,29280
0,29281
0,29284
0,29309
0,29322
0,29328
0,29337
0,29339
0,29379
0,29389
0,29403
0,29406
0,29428
0,29444
0,29481
0,29490
0,29507
0,29514
0,29521
0,29539
0,29552
0,29588
0,29603
0,29660
0,29674
0,29677
0,29723
0,29735
0,29744
0,29751
0,29761
0,29768
0,29773
0,29790
0,29791
0,29822
0,29824
0,29831
0,29851
0,29865
0,29891
0,29924
0,29949
0,29981
0,30010
0,30026
0,30029
0,30073
0,30079
0,30112
0,30137
0,30143
0,30203
0,30212
0,30218
0,30225
0,30246
0,30256
0,30302
0,30317
0,30376
0,30388
0,30409
0,30418
0,30422
0,30438
0,30453
0,30494
0,30496
0,30525
0,30550
0,30559
0,30606
0,30619
0,30634
0,30712
0,30757
0,30762
0,30781
0,30804
0,30808
0,30820
0,30829
0,30853
0,30869
0,30888
0,30925
0,30931
0,30938
0,30948
0,30967
0,31020
0,31045
0,31115
0,31123
0,31132
0,31159
0,31171
0,31172
0,31189
0,31203
0,31222
0,31243
0,31266
0,31282
0,31286
0,31323
0,31327
0,31382
0,31403
0,31419
0,31459
0,31467
0,31479
0,31493
0,31524
0,31550
0,31553
0,31562
0,31569
0,31595
0,31600
0,31628
0,31654
0,31656
0,31680
0,31695
0,31769
0,31777
0,31799
0,31808
0,31845
0,31848
0,31873
0,31890
0,31899
0,31929
0,31941
0,31955
0,32013
0,32066
0,32082
0,32106
0,32122
0,32128
0,32136
0,32139
0,32217
0,32241
0,32331
0,32376
0,32379
0,32391
0,32414
0,32417
0,32446
0,32457
0,32487
0,32493
0,32558
0,32588
0,32606
0,32608
0,32624
0,32698
0,32712
0,32719
0,32747
0,32773
0,32776
0,32791
0,32835
0,32860
0,32867
0,32869
0,32889
0,32919
0,32931
0,32939
0,32987
0,33000
0,33010
0,33033
0,33044
0,33051
0,33103
0,33106
0,33163
0,33195
0,33201
0,33212
0,33251
0,33336
0,33339
0,33363
0,33371
0,33381
0,33391
0,33402
0,33408
0,33427
0,33451
0,33455
0,33458
0,33467
0,33483
0,33489
0,33497
0,33506
0,33539
0,33545
0,33560
0,33571
0,33577
0,33580
0,33587
0,33605
0,33608
0,33623
0,33627
0,33629
0,33631
0,33677
0,33697
0,33709
0,33715
0,33720
0,33723
0,33743
0,33749
0,33809
0,33814
0,33821
0,33840
0,33858
0,33890
0,33902
0,33917
0,33941
0,33982
0,33985
0,33987
0,33994
0,33999
0,34001
0,34007
0,34032
0,34041
0,34056
0,34076
0,34112
0,34122
0,34125
0,34161
0,34188
0,34194
0,34216
0,34231
0,34235
0,34238
0,34241
0,34249
0,34286
0,34287
0,34347
0,34355
0,34370
0,34372
0,34378
0,34413
0,34429
0,34430
0,34437
0,34457
0,34467
0,34496
0,34497
0,34527
0,34528
0,34553
0,34579
0,34584
0,34596
0,34611
0,34615
0,34635
0,34660
0,34683
0,34706
0,34708
0,34746
0,34753
0,34764
0,34779
0,34797
0,34815
0,34830
0,34838
0,34847
0,34851
0,34932
0,34936
0,34943
0,34945
0,34970
0,34972
0,34978
0,34997
0,35031
0,35035
0,35044
0,35061
0,35077
0,35089
0,35106
0,35137
0,35155
0,35160
0,35188
0,35199
0,35200
0,35227
0,35232
0,35250
0,35252
0,35261
0,35271
0,35279
0,35333
0,35335
0,35350
0,35365
0,35383
0,35402
0,35416
0,35433
0,35447
0,35466
0,35502
0,35530
0,35537
0,35557
0,35560
0,35577
0,35608
0,35638
0,35647
0,35681
0,35683
0,35685
0,35691
0,35720
0,35745
0,35755
0,35841
0,35847
0,35849
0,35931
0,35957
0,36104
0,36136
0,36138
0,36173
0,36189
0,36237
0,36242
0,36273
0,36294
0,36295
0,36317
0,36342
0,36351
0,36361
0,36398
0,36421
0,36429
0,36432
0,36443
0,36476
0,36482
0,36497
0,36554
0,36577
0,36581
0,36587
0,36599
0,36641
0,36645
0,36668
0,36690
0,36695
0,36716
0,36717
0,36792
0,36839
0,36874
0,36876
0,36891
0,36908
0,36946
0,36961
0,36995
0,37076
0,37086
0,37136
0,37140
0,37168
0,37200
0,37205
0,37239
0,37260
0,37265
0,37266
0,37275
0,37282
0,37296
0,37333
0,37348
0,37371
0,37389
0,37395
0,37407
0,37412
0,37426
0,37438
0,37451
0,37461
0,37522
0,37546
0,37568
0,37608
0,37616
0,37624
0,37657
0,37659
0,37666
0,37681
0,37689
0,37700
0,37741
0,37757
0,37758
0,37781
0,37786
0,37806
0,37820
0,37822
0,37825
0,37834
0,37840
0,37843
0,37873
0,37890
0,37893
0,37914
0,37931
0,37937
0,37953
0,38011
0,38014
0,38134
0,38142
0,38144
0,38147
0,38161
0,38170
0,38185
0,38218
0,38226
0,38255
0,38258
0,38260
0,38265
0,38275
0,38321
0,38324
0,38339
0,38377
0,38386
0,38427
0,38439
0,38445
0,38469
0,38531
0,38536
0,38543
0,38545
0,38549
0,38564
0,38630
0,38646
0,38654
0,38662
0,38665
0,38697
0,38701
0,38706
0,38719
0,38742
0,38797
0,38836
0,38871
0,38902
0,38904
0,38912
0,38956
0,38990
0,39005
0,39013
0,39015
0,39021
0,39029
0,39036
0,39040
0,39059
0,39080
0,39156
0,39163
0,39191
0,39198
0,39211
0,39214
0,39229
0,39236
0,39274
0,39280
0,39291
0,39298
0,39308
0,39331
0,39333
0,39342
0,39345
0,39352
0,39398
0,39400
0,39428
0,39443
0,39458
0,39473
0,39474
0,39482
0,39491
0,39514
0,39519
0,39528
0,39530
0,39543
0,39549
0,39558
0,39580
0,39585
0,39586
0,39597
0,39626
0,39630
0,39639
0,39686
0,39706
0,39715
0,39732
0,39736
0,39764
0,39769
0,39772
0,39794
0,39819
0,39833
0,39878
0,39927
0,39934
0,39947
0,39956
0,39958
0,39964
0,39982
0,40016
0,40058
0,40065
0,40068
0,40094
0,40097
0,40099
0,40142
0,40150
0,40152
0,40158
0,40167
0,40185
0,40193
0,40201
0,40202
0,40222
0,40233
0,40240
0,40257
0,40284
0,40294
0,40296
0,40352
0,40356
0,40361
0,40380
0,40386
0,40389
0,40394
0,40405
0,40421
0,40423
0,40435
0,40436
0,40440
0,40467
0,40494
0,40498
0,40502
0,40513
0,40518
0,40543
0,40563
0,40570
0,40602
0,40616
0,40619
0,40634
0,40638
0,40653
0,40671
0,40687
0,40713
0,40714
0,40734
0,40741
0,40756
0,40759
0,40787
0,40806
0,40813
0,40814
0,40838
0,40868
0,40878
0,40907
0,40911
0,40929
0,40982
0,40991
0,41001
0,41014
0,41055
0,41062
0,41064
0,41083
0,41112
0,41128
0,41144
0,41186
0,41287
0,41288
0,41301
0,41307
0,41311
0,41326
0,41366
0,41377
0,41390
0,41406
0,41415
0,41447
0,41458
0,41461
0,41462
0,41503
0,41507
0,41570
0,41575
0,41600
0,41611
0,41618
0,41623
0,41642
0,41654
0,41671
0,41673
0,41686
0,41690
0,41699
0,41721
0,41736
0,41750
0,41758
0,41769
0,41772
0,41783
0,41796
0,41838
0,41843
0,41854
0,41865
0,41876
0,41906
0,41916
0,41927
0,41953
0,41955
0,41956
0,41967
0,41984
0,41990
0,41991
0,42005
0,42041
0,42042
0,42058
0,42085
0,42087
0,42100
0,42106
0,42121
0,42141
0,42151
0,42167
0,42202
0,42217
0,42223
0,42242
0,42262
0,42273
0,42288
0,42301
0,42303
0,42314
0,42318
0,42344
0,42347
0,42351
0,42358
0,42367
0,42369
0,42382
0,42399
0,42419
0,42466
0,42498
0,42534
0,42634
0,42694
0,42700
0,42704
0,42764
0,42772
0,42775
0,42776
0,42784
0,42795
0,42811
0,42826
0,42856
0,42870
0,42883
0,42922
0,42929
0,42942
0,42948
0,42992
0,42999
0,43010
0,43015
0,43036
0,43048
0,43056
0,43072
0,43113
0,43152
0,43166
0,43180
0,43196
0,43219
0,43233
0,43266
0,43321
0,43353
0,43403
0,43427
0,43456
0,43465
0,43478
0,43526
0,43527
0,43549
0,43558
0,43596
0,43597
0,43611
0,43621
0,43624
0,43637
0,43653
0,43661
0,43691
0,43764
0,43783
0,44012
0,44014
0,44018
0,44033
0,44035
0,44044
0,44052
0,44060
0,44063
0,44075
0,44084
0,44088
0,44128
0,44141
0,44169
0,44199
0,44201
0,44231
0,44237
0,44245
0,44287
0,44325
0,44358
0,44360
0,44384
0,44390
0,44396
0,44425
0,44444
0,44448
0,44450
0,44471
0,44473
0,44475
0,44504
0,44505
0,44513
0,44530
0,44547
0,44589
0,44590
0,44621
0,44623
0,44632
0,44642
0,44666
0,44673
0,44684
0,44693
0,44699
0,44725
0,44728
0,44731
0,44740
0,44769
0,44835
0,44856
0,44875
0,44880
0,44904
0,44910
0,44915
0,44916
0,44920
0,44975
0,44987
0,45017
0,45032
0,45040
0,45066
0,45083
0,45099
0,45127
0,45189
0,45215
0,45248
0,45277
0,45286
0,45299
0,45307
0,45310
0,45333
0,45389
0,45420
0,45443
0,45456
0,45475
0,45480
0,45486
0,45501
0,45503
0,45504
0,45533
0,45608
0,45619
0,45647
0,45649
0,45651
0,45654
0,45673
0,45682
0,45696
0,45707
0,45716
0,45737
0,45788
0,45798
0,45801
0,45814
0,45819
0,45843
0,45890
0,45941
0,45959
0,45963
0,45971
0,45988
0,45994
0,45997
0,46026
0,46066
0,46094
0,46097
0,46098
0,46116
0,46134
0,46140
0,46147
0,46169
0,46175
0,46176
0,46212
0,46226
0,46292
0,46297
0,46319
0,46343
0,46354
0,46378
0,46392
0,46394
0,46400
0,46440
0,46463
0,46471
0,46487
0,46494
0,46501
0,46510
0,46543
0,46557
0,46579
0,46638
0,46640
0,46649
0,46690
0,46696
0,46698
0,46701
0,46703
0,46715
0,46728
0,46735
0,46752
0,46761
0,46788
0,46794
0,46818
0,46835
0,46845
0,46873
0,46895
0,46906
0,46928
0,46936
0,46952
0,46954
0,46983
0,46985
0,47006
0,47012
0,47085
0,47087
0,47113
0,47115
0,47121
0,47131
0,47135
0,47165
0,47175
0,47193
0,47196
0,47199
0,47236
0,47250
0,47354
0,47367
0,47394
0,47446
0,47487
0,47565
0,47590
0,47592
0,47611
0,47612
0,47635
0,47678
0,47697
0,47702
0,47726
0,47743
0,47745
0,47762
0,47763
0,47769
0,47778
0,47783
0,47787
0,47788
0,47790
0,47792
0,47793
0,47844
0,47846
0,47866
0,47882
0,47886
0,47887
0,47892
0,47906
0,47927
0,47935
0,47952
0,47991
0,47998
0,48015
0,48023
0,48025
0,48076
0,48077
0,48078
0,48086
0,48113
0,48129
0,48159
0,48179
0,48203
0,48208
0,48214
0,48220
0,48249
0,48251
0,48257
0,48268
0,48279
0,48281
0,48334
0,48341
0,48344
0,48353
0,48365
0,48371
0,48388
0,48393
0,48398
0,48425
0,48435
0,48464
0,48474
0,48481
0,48510
0,48519
0,48522
0,48523
0,48526
0,48533
0,48557
0,48571
0,48580
0,48581
0,48585
0,48649
0,48662
0,48664
0,48669
0,48677
0,48722
0,48743
0,48806
0,48831
0,48849
0,48854
0,48857
0,48860
0,48885
0,48891
0,48930
0,48931
0,48949
0,48961
0,48979
0,48980
0,48982
0,48988
0,48989
0,48997
0,49000
0,49018
0,49039
0,49041
0,49072
0,49076
0,49081
0,49109
0,49143
0,49146
0,49148
0,49197
0,49203
0,49220
0,49226
0,49237
0,49258
0,49301
0,49335
0,49340
0,49375
0,49377
0,49431
0,49432
0,49450
0,49459
0,49460
0,49491
0,49504
0,49525
0,49537
0,49542
0,49543
0,49583
0,49591
0,49614
0,49633
0,49649
0,49651
0,49670
0,49675
0,49683
0,49691
0,49696
0,49705
0,49720
0,49730
0,49757
0,49763
0,49803
0,49821
0,49826
0,49834
0,49857
0,49871
0,49916
0,49922
0,49949
0,49964
0,49968
0,49977
0,49986
0,50001
0,50009
0,50014
0,50020
0,50034
0,50052
0,50055
0,50062
0,50063
0,50065
0,50087
0,50092
0,50095
0,50174
0,50176
0,50202
0,50224
0,50239
0,50243
0,50265
0,50276
0,50286
0,50296
0,50302
0,50305
0,50313
0,50316
0,50331
0,50353
0,50354
0,50359
0,50371
0,50401
0,50412
0,50422
0,50432
0,50464
0,50481
0,50535
0,50536
0,50539
0,50547
0,50558
0,50568
0,50580
0,50631
0,50641
0,50653
0,50654
0,50658
0,50676
0,50745
0,50761
0,50809
0,50815
0,50825
0,50848
0,50852
0,50867
0,50891
0,50893
0,50915
0,50949
0,50983
0,50988
0,51002
0,51048
0,51106
0,51107
0,51123
0,51129
0,51154
0,51161
0,51167
0,51184
0,51212
0,51214
0,51217
0,51231
0,51311
0,51327
0,51328
0,51330
0,51352
0,51389
0,51412
0,51413
0,51423
0,51427
0,51452
0,51455
0,51499
0,51505
0,51509
0,51514
0,51536
0,51544
0,51591
0,51636
0,51638
0,51682
0,51690
0,51708
0,51729
0,51734
0,51758
0,51759
0,51772
0,51790
0,51835
0,51842
0,51859
0,51879
0,51909
0,51912
0,51924
0,51932
0,51948
0,52005
0,52009
0,52082
0,52124
0,52184
0,52198
0,52213
0,52254
0,52309
0,52318
0,52319
0,52328
0,52334
0,52343
0,52344
0,52390
0,52411
0,52414
0,52428
0,52442
0,52469
0,52489
0,52522
0,52526
0,52531
0,52547
0,52562
0,52603
0,52621
0,52651
0,52656
0,52662
0,52689
0,52701
0,52707
0,52712
0,52739
0,52740
0,52768
0,52772
0,52776
0,52799
0,52812
0,52832
0,52834
0,52854
0,52863
0,52870
0,52883
0,52888
0,52927
0,52942
0,52968
0,53018
0,53022
0,53049
0,53055
0,53064
0,53111
0,53114
0,53127
0,53139
0,53152
0,53162
0,53192
0,53199
0,53237
0,53280
0,53300
0,53305
0,53362
0,53371
0,53417
0,53457
0,53463
0,53465
0,53473
0,53483
0,53485
0,53492
0,53500
0,53525
0,53543
0,53549
0,53581
0,53592
0,53599
0,53626
0,53655
0,53656
0,53660
0,53663
0,53702
0,53748
0,53761
0,53778
0,53816
0,53848
0,53849
0,53863
0,53871
0,53933
0,53954
0,53955
0,53965
0,54003
0,54023
0,54042
0,54063
0,54085
0,54088
0,54091
0,54097
0,54130
0,54133
0,54144
0,54145
0,54190
0,54205
0,54226
0,54249
0,54261
0,54274
0,54297
0,54311
0,54339
0,54475
0,54490
0,54504
0,54523
0,54547
0,54565
0,54573
0,54598
0,54603
0,54644
0,54645
0,54654
0,54691
0,54705
0,54721
0,54730
0,54735
0,54771
0,54780
0,54854
0,54864
0,54877
0,54892
0,54900
0,54905
0,54946
0,54964
0,54969
0,54988
0,54995
0,55012
0,55023
0,55038
0,55051
0,55054
0,55066
0,55085
0,55091
0,55131
0,55169
0,55187
0,55196
0,55208
0,55242
0,55247
0,55253
0,55259
0,55264
0,55269
0,55271
0,55303
0,55334
0,55342
0,55351
0,55375
0,55389
0,55402
0,55440
0,55445
0,55487
0,55500
0,55510
0,55511
0,55518
0,55537
0,55540
0,55541
0,55557
0,55566
0,55569
0,55586
0,55616
0,55669
0,55704
0,55707
0,55714
0,55811
0,55819
0,55820
0,55895
0,55896
0,55940
0,55954
0,55956
0,55988
0,56026
0,56043
0,56053
0,56061
0,56062
0,56097
0,56108
0,56110
0,56127
0,56134
0,56140
0,56142
0,56151
0,56155
0,56168
0,56170
0,56218
0,56250
0,56276
0,56298
0,56321
0,56322
0,56340
0,56359
0,56376
0,56380
0,56396
0,56402
0,56432
0,56440
0,56453
0,56501
0,56528
0,56530
0,56534
0,56536
0,56549
0,56570
0,56608
0,56621
0,56626
0,56636
0,56664
0,56685
0,56695
0,56713
0,56724
0,56733
0,56741
0,56742
0,56775
0,56776
0,56800
0,56811
0,56825
0,56854
0,56862
0,56896
0,56902
0,56945
0,56950
0,56960
0,57037
0,57066
0,57087
0,57089
0,57092
0,57113
0,57128
0,57142
0,57146
0,57157
0,57160
0,57171
0,57176
0,57207
0,57211
0,57243
0,57244
0,57266
0,57289
0,57298
0,57306
0,57333
0,57335
0,57365
0,57368
0,57395
0,57401
0,57404
0,57410
0,57425
0,57432
0,57434
0,57440
0,57454
0,57462
0,57463
0,57469
0,57483
0,57487
0,57490
0,57578
0,57589
0,57595
0,57598
0,57599
0,57629
0,57634
0,57638
0,57643
0,57655
0,57697
0,57716
0,57768
0,57786
0,57796
0,57815
0,57839
0,57843
0,57847
0,57850
0,57864
0,57872
0,57876
0,57890
0,57899
0,57901
0,57914
0,57922
0,57970
0,58004
0,58028
0,58076
0,58078
0,58092
0,58099
0,58101
0,58106
0,58112
0,58135
0,58143
0,58150
0,58203
0,58224
0,58226
0,58241
0,58263
0,58289
0,58378
0,58387
0,58422
0,58445
0,58454
0,58468
0,58475
0,58498
0,58505
0,58514
0,58542
0,58567
0,58580
0,58591
0,58604
0,58607
0,58614
0,58616
0,58643
0,58649
0,58678
0,58724
0,58732
0,58754
0,58767
0,58768
0,58770
0,58779
0,58789
0,58803
0,58806
0,58808
0,58850
0,58858
0,58859
0,58882
0,58883
0,58893
0,58936
0,58938
0,58940
0,58960
0,58969
0,58980
0,59024
0,59033
0,59046
0,59102
0,59124
0,59165
0,59185
0,59205
0,59261
0,59275
0,59288
0,59319
0,59322
0,59324
0,59352
0,59390
0,59396
0,59433
0,59450
0,59452
0,59494
0,59543
0,59552
0,59570
0,59582
0,59603
0,59604
0,59613
0,59677
0,59698
0,59721
0,59729
0,59750
0,59762
0,59773
0,59785
0,59809
0,59834
0,59846
0,59863
0,59875
0,59882
0,59917
0,59925
0,59941
0,59944
0,59982
0,60009
0,60059
0,60063
0,60070
0,60112
0,60114
0,60115
0,60121
0,60139
0,60143
0,60161
0,60164
0,60174
0,60177
0,60201
0,60227
0,60239
0,60269
0,60275
0,60282
0,60360
0,60363
0,60397
0,60456
0,60457
0,60479
0,60484
0,60504
0,60513
0,60549
0,60553
0,60559
0,60565
0,60575
0,60577
0,60586
0,60611
0,60640
0,60672
0,60701
0,60721
0,60725
0,60726
0,60729
0,60738
0,60767
0,60782
0,60785
0,60801
0,60847
0,60851
0,60854
0,60881
0,60882
0,60889
0,60901
0,60932
0,60937
0,60941
0,60945
0,60965
0,60992
0,61002
0,61028
0,61039
0,61058
0,61082
0,61086
0,61088
0,61097
0,61122
0,61138
0,61142
0,61218
0,61270
0,61272
0,61274
0,61304
0,61311
0,61324
0,61350
0,61359
0,61382
0,61403
0,61438
0,61439
0,61460
0,61505
0,61509
0,61531
0,61549
0,61558
0,61583
0,61595
0,61653
0,61667
0,61680
0,61690
0,61697
0,61784
0,61785
0,61814
0,61833
0,61836
0,61859
0,61864
0,61865
0,61882
0,61902
0,61908
0,61921
0,61950
0,61952
0,62106
0,62107
0,62218
0,62265
0,62280
0,62298
0,62316
0,62371
0,62420
0,62434
0,62442
0,62452
0,62473
0,62481
0,62492
0,62504
0,62541
0,62566
0,62572
0,62575
0,62590
0,62599
0,62629
0,62630
0,62659
0,62683
0,62703
0,62715
0,62731
0,62740
0,62761
0,62796
0,62810
0,62813
0,62823
0,62837
0,62843
0,62851
0,62860
0,62861
0,62868
0,62880
0,62881
0,62891
0,62943
0,62956
0,62992
0,63012
0,63053
0,63056
0,63083
0,63100
0,63112
0,63146
0,63171
0,63181
0,63204
0,63223
0,63227
0,63231
0,63259
0,63277
0,63281
0,63291
0,63292
0,63299
0,63308
0,63324
0,63328
0,63332
0,63367
0,63374
0,63391
0,63398
0,63418
0,63430
0,63474
0,63484
0,63487
0,63514
0,63535
0,63593
0,63599
0,63623
0,63628
0,63641
0,63646
0,63651
0,63655
0,63658
0,63669
0,63673
0,63686
0,63703
0,63708
0,63715
0,63722
0,63725
0,63753
0,63769
0,63779
0,63801
0,63802
0,63818
0,63819
0,63891
0,63898
0,63934
0,63938
0,63954
0,63981
0,64023
0,64040
0,64071
0,64078
0,64104
0,64141
0,64145
0,64153
0,64156
0,64180
0,64221
0,64244
0,64250
0,64262
0,64271
0,64284
0,64306
0,64336
0,64338
0,64342
0,64349
0,64361
0,64371
0,64422
0,64438
0,64453
0,64481
0,64492
0,64496
0,64517
0,64557
0,64562
0,64563
0,64565
0,64583
0,64608
0,64609
0,64615
0,64634
0,64654
0,64669
0,64693
0,64739
0,64740
0,64743
0,64748
0,64751
0,64761
0,64762
0,64764
0,64771
0,64899
0,64902
0,64903
0,64919
0,64974
0,64989
0,65002
0,65028
0,65030
0,65075
0,65098
0,65116
0,65120
0,65121
0,65129
0,65144
0,65176
0,65180
0,65182
0,65213
0,65254
0,65258
0,65260
0,65288
0,65292
0,65296
0,65337
0,65399
0,65442
0,65450
0,65451
0,65453
0,65467
0,65488
0,65494
0,65507
0,65516
0,65552
0,65559
0,65570
0,65586
0,65592
0,65614
0,65617
0,65638
0,65673
0,65707
0,65712
0,65718
0,65738
0,65755
0,65756
0,65781
0,65804
0,65809
0,65815
0,65822
0,65825
0,65829
0,65860
0,65861
0,65874
0,65875
0,65880
0,65884
0,65886
0,65890
0,65895
0,65897
0,65909
0,65915
0,65923
0,65949
0,65953
0,65981
0,65990
0,66003
0,66010
0,66049
0,66085
0,66106
0,66121
0,66123
0,66137
0,66150
0,66165
0,66166
0,66167
0,66185
0,66192
0,66204
0,66208
0,66210
0,66244
0,66267
0,66314
0,66331
0,66346
0,66362
0,66371
0,66380
0,66387
0,66414
0,66417
0,66429
0,66431
0,66439
0,66443
0,66459
0,66463
0,66501
0,66533
0,66583
0,66596
0,66599
0,66631
0,66650
0,66653
0,66660
0,66678
0,66695
0,66697
0,66711
0,66726
0,66727
0,66730
0,66752
0,66774
0,66782
0,66813
0,66818
0,66830
0,66834
0,66846
0,66858
0,66861
0,66862
0,66895
0,66922
0,66926
0,66940
0,66950
0,66952
0,67036
0,67041
0,67091
0,67152
0,67155
0,67163
0,67170
0,67186
0,67200
0,67240
0,67251
0,67283
0,67325
0,67353
0,67354
0,67362
0,67376
0,67411
0,67425
0,67453
0,67461
0,67462
0,67465
0,67467
0,67471
0,67472
0,67525
0,67553
0,67572
0,67598
0,67662
0,67671
0,67681
0,67699
0,67753
0,67798
0,67867
0,67870
0,67889
0,67910
0,67915
0,67926
0,67937
0,67941
0,67943
0,67946
0,67954
0,67992
0,67996
0,67999
0,68019
0,68036
0,68060
0,68094
0,68148
0,68153
0,68157
0,68158
0,68162
0,68194
0,68230
0,68288
0,68313
0,68325
0,68341
0,68372
0,68433
0,68435
0,68436
0,68457
0,68464
0,68479
0,68532
0,68535
0,68571
0,68574
0,68635
0,68697
0,68707
0,68712
0,68718
0,68722
0,68781
0,68787
0,68791
0,68829
0,68837
0,68838
0,68842
0,68867
0,68897
0,68918
0,68949
0,68951
0,69007
0,69028
0,69029
0,69039
0,69041
0,69055
0,69061
0,69082
0,69137
0,69164
0,69189
0,69204
0,69219
0,69223
0,69238
0,69268
0,69280
0,69282
0,69284
0,69285
0,69290
0,69331
0,69333
0,69338
0,69411
0,69425
0,69430
0,69460
0,69465
0,69478
0,69510
0,69520
0,69525
0,69537
0,69548
0,69559
0,69563
0,69602
0,69650
0,69714
0,69763
0,69768
0,69781
0,69782
0,69830
0,69836
0,69840
0,69851
0,69857
0,69872
0,69883
0,69894
0,69896
0,69905
0,69913
0,69944
0,69993
0,70115
0,70142
0,70167
0,70199
0,70253
0,70255
0,70267
0,70338
0,70340
0,70362
0,70369
0,70370
0,70383
0,70423
0,70428
0,70479
0,70521
0,70554
0,70565
0,70566
0,70586
0,70630
0,70646
0,70694
0,70711
0,70714
0,70720
0,70746
0,70752
0,70755
0,70793
0,70815
0,70816
0,70828
0,70845
0,70865
0,70875
0,70914
0,70935
0,70942
0,71042
0,71048
0,71090
0,71092
0,71110
0,71116
0,71157
0,71168
0,71183
0,71188
0,71210
0,71229
0,71242
0,71246
0,71252
0,71278
0,71288
0,71333
0,71354
0,71386
0,71399
0,71411
0,71414
0,71420
0,71427
0,71449
0,71463
0,71464
0,71485
0,71506
0,71514
0,71543
0,71548
0,71555
0,71558
0,71588
0,71617
0,71619
0,71622
0,71626
0,71632
0,71641
0,71674
0,71687
0,71717
0,71741
0,71744
0,71746
0,71755
0,71767
0,71801
0,71813
0,71831
0,71835
0,71864
0,71871
0,71878
0,71882
0,71907
0,71926
0,71935
0,71951
0,71957
0,72009
0,72046
0,72061
0,72075
0,72102
0,72117
0,72153
0,72155
0,72170
0,72279
0,72331
0,72347
0,72356
0,72361
0,72377
0,72392
0,72398
0,72402
0,72412
0,72423
0,72448
0,72467
0,72525
0,72538
0,72563
0,72594
0,72611
0,72620
0,72640
0,72651
0,72694
0,72718
0,72724
0,72740
0,72747
0,72800
0,72805
0,72839
0,72855
0,72860
0,72894
0,72920
0,72927
0,72929
0,72959
0,73022
0,73075
0,73092
0,73126
0,73133
0,73231
0,73278
0,73304
0,73333
0,73340
0,73357
0,73363
0,73365
0,73367
0,73397
0,73426
0,73431
0,73441
0,73448
0,73459
0,73463
0,73485
0,73506
0,73533
0,73588
0,73646
0,73668
0,73669
0,73687
0,73693
0,73729
0,73734
0,73751
0,73768
0,73776
0,73844
0,73854
0,73870
0,73871
0,73911
0,73914
0,73932
0,73941
0,73952
0,73953
0,74002
0,74015
0,74019
0,74028
0,74033
0,74040
0,74055
0,74101
0,74215
0,74223
0,74224
0,74246
0,74266
0,74306
0,74325
0,74343
0,74344
0,74347
0,74372
0,74396
0,74430
0,74443
0,74502
0,74533
0,74553
0,74568
0,74569
0,74574
0,74618
0,74644
0,74654
0,74707
0,74747
0,74751
0,74764
0,74766
0,74794
0,74796
0,74810
0,74833
0,74835
0,74851
0,74853
0,74885
0,74906
0,74910
0,74912
0,74928
0,74946
0,74958
0,74994
0,75017
0,75025
0,75051
0,75068
0,75092
0,75124
0,75132
0,75149
0,75189
0,75202
0,75203
0,75238
0,75249
0,75256
0,75265
0,75293
0,75310
0,75336
0,75339
0,75373
0,75377
0,75392
0,75393
0,75414
0,75419
0,75421
0,75422
0,75431
0,75441
0,75446
0,75449
0,75458
0,75520
0,75554
0,75573
0,75586
0,75596
0,75604
0,75613
0,75655
0,75656
0,75675
0,75684
0,75685
0,75719
0,75741
0,75742
0,75748
0,75763
0,75774
0,75796
0,75799
0,75800
0,75811
0,75842
0,75869
0,75876
0,75879
0,75882
0,75938
0,76025
0,76045
0,76077
0,76078
0,76104
0,76121
0,76145
0,76187
0,76195
0,76204
0,76215
0,76237
0,76242
0,76276
0,76287
0,76302
0,76322
0,76324
0,76328
0,76329
0,76334
0,76335
0,76338
0,76346
0,76348
0,76349
0,76389
0,76395
0,76420
0,76434
0,76437
0,76483
0,76493
0,76506
0,76516
0,76536
0,76549
0,76552
0,76568
0,76569
0,76584
0,76606
0,76617
0,76625
0,76644
0,76666
0,76673
0,76679
0,76701
0,76727
0,76755
0,76763
0,76774
0,76801
0,76809
0,76851
0,76877
0,76920
0,76935
0,76960
0,76994
0,77068
0,77084
0,77090
0,77118
0,77140
0,77154
0,77169
0,77171
0,77180
0,77182
0,77214
0,77249
0,77250
0,77251
0,77258
0,77264
0,77290
0,77316
0,77328
0,77348
0,77354
0,77355
0,77358
0,77361
0,77443
0,77457
0,77458
0,77465
0,77471
0,77522
0,77523
0,77579
0,77581
0,77609
0,77614
0,77617
0,77620
0,77647
0,77652
0,77658
0,77664
0,77679
0,77685
0,77725
0,77748
0,77761
0,77765
0,77775
0,77780
0,77788
0,77792
0,77827
0,77832
0,77864
0,77868
0,77915
0,77919
0,77939
0,77947
0,77960
0,77980
0,78027
0,78049
0,78054
0,78064
0,78072
0,78101
0,78112
0,78122
0,78125
0,78127
0,78132
0,78135
0,78137
0,78138
0,78161
0,78197
0,78204
0,78206
0,78216
0,78228
0,78267
0,78273
0,78296
0,78301
0,78303
0,78363
0,78397
0,78402
0,78426
0,78427
0,78435
0,78457
0,78467
0,78532
0,78546
0,78583
0,78588
0,78591
0,78601
0,78609
0,78658
0,78670
0,78696
0,78699
0,78729
0,78778
0,78805
0,78915
0,78922
0,78924
0,78940
0,78941
0,78986
0,79033
0,79052
0,79070
0,79097
0,79101
0,79118
0,79126
0,79143
0,79159
0,79165
0,79192
0,79196
0,79212
0,79227
0,79248
0,79266
0,79283
0,79284
0,79303
0,79311
0,79323
0,79352
0,79358
0,79381
0,79402
0,79416
0,79427
0,79442
0,79510
0,79528
0,79535
0,79573
0,79575
0,79590
0,79608
0,79641
0,79647
0,79654
0,79719
0,79726
0,79741
0,79765
0,79785
0,79853
0,79872
0,79902
0,79908
0,79926
0,79935
0,79960
0,79986
0,79987
0,80006
0,80027
0,80057
0,80066
0,80069
0,80112
0,80139
0,80142
0,80155
0,80167
0,80228
0,80238
0,80248
0,80252
0,80255
0,80256
0,80270
0,80380
0,80421
0,80424
0,80426
0,80467
0,80484
0,80489
0,80492
0,80500
0,80506
0,80524
0,80531
0,80609
0,80624
0,80639
0,80645
0,80646
0,80647
0,80650
0,80668
0,80710
0,80728
0,80740
0,80748
0,80763
0,80772
0,80782
0,80802
0,80805
0,80807
0,80814
0,80815
0,80828
0,80851
0,80875
0,80918
0,80924
0,80928
0,80937
0,80942
0,80949
0,80950
0,80953
0,80978
0,80983
0,81006
0,81008
0,81046
0,81047
0,81057
0,81059
0,81076
0,81102
0,81104
0,81117
0,81187
0,81259
0,81278
0,81291
0,81297
0,81299
0,81308
0,81313
0,81353
0,81379
0,81384
0,81386
0,81402
0,81410
0,81415
0,81428
0,81430
0,81431
0,81440
0,81446
0,81481
0,81545
0,81560
0,81603
0,81620
0,81627
0,81633
0,81642
0,81650
0,81656
0,81670
0,81686
0,81689
0,81710
0,81730
0,81738
0,81744
0,81766
0,81805
0,81828
0,81841
0,81859
0,81877
0,81895
0,81907
0,81910
0,81953
0,81967
0,81969
0,81988
0,81990
0,81992
0,81999
0,82002
0,82065
0,82066
0,82091
0,82097
0,82129
0,82150
0,82156
0,82157
0,82165
0,82167
0,82168
0,82170
0,82184
0,82203
0,82205
0,82234
0,82261
0,82263
0,82348
0,82387
0,82397
0,82415
0,82417
0,82440
0,82442
0,82477
0,82485
0,82498
0,82509
0,82540
0,82551
0,82571
0,82588
0,82592
0,82599
0,82601
0,82602
0,82614
0,82636
0,82643
0,82672
0,82687
0,82718
0,82726
0,82741
0,82757
0,82797
0,82824
0,82834
0,82844
0,82853
0,82861
0,82899
0,82933
0,82946
0,83003
0,83016
0,83022
0,83030
0,83106
0,83110
0,83115
0,83119
0,83133
0,83147
0,83156
0,83171
0,83172
0,83181
0,83182
0,83219
0,83234
0,83246
0,83247
0,83268
0,83277
0,83279
0,83310
0,83319
0,83321
0,83326
0,83335
0,83342
0,83397
0,83398
0,83399
0,83401
0,83412
0,83430
0,83431
0,83454
0,83456
0,83463
0,83533
0,83549
0,83560
0,83569
0,83588
0,83589
0,83610
0,83624
0,83626
0,83658
0,83662
0,83663
0,83667
0,83702
0,83731
0,83732
0,83740
0,83744
0,83752
0,83789
0,83805
0,83820
0,83859
0,83881
0,83906
0,83912
0,83923
0,83925
0,83930
0,83934
0,83972
0,83976
0,83998
0,84006
0,84056
0,84076
0,84079
0,84098
0,84104
0,84111
0,84113
0,84123
0,84153
0,84167
0,84172
0,84185
0,84201
0,84207
0,84211
0,84229
0,84244
0,84255
0,84284
0,84307
0,84329
0,84369
0,84372
0,84395
0,84422
0,84425
0,84443
0,84480
0,84486
0,84494
0,84506
0,84569
0,84603
0,84649
0,84651
0,84653
0,84672
0,84694
0,84697
0,84724
0,84739
0,84753
0,84762
0,84790
0,84797
0,84805
0,84823
0,84859
0,84897
0,84905
0,84948
0,84952
0,84983
0,84992
0,84995
0,85046
0,85094
0,85097
0,85099
0,85103
0,85119
0,85130
0,85134
0,85147
0,85173
0,85179
0,85182
0,85196
0,85197
0,85210
0,85218
0,85229
0,85240
0,85308
0,85318
0,85327
0,85344
0,85347
0,85375
0,85380
0,85385
0,85393
0,85441
0,85484
0,85499
0,85511
0,85540
0,85558
0,85603
0,85611
0,85618
0,85626
0,85636
0,85641
0,85645
0,85680
0,85770
0,85780
0,85784
0,85793
0,85794
0,85803
0,85814
0,85827
0,85833
0,85848
0,85868
0,85881
0,85882
0,85932
0,85958
0,85982
0,85995
0,86010
0,86026
0,86029
0,86121
0,86130
0,86164
0,86180
0,86182
0,86187
0,86189
0,86201
0,86222
0,86227
0,86242
0,86249
0,86253
0,86275
0,86279
0,86334
0,86335
0,86401
0,86407
0,86410
0,86421
0,86426
0,86451
0,86456
0,86472
0,86473
0,86503
0,86516
0,86518
0,86526
0,86529
0,86544
0,86550
0,86575
0,86601
0,86619
0,86630
0,86639
0,86649
0,86675
0,86681
0,86682
0,86697
0,86719
0,86725
0,86781
0,86874
0,86880
0,86881
0,86921
0,86928
0,86929
0,86971
0,86994
0,87029
0,87033
0,87044
0,87059
0,87065
0,87106
0,87111
0,87121
0,87131
0,87207
0,87210
0,87220
0,87231
0,87249
0,87335
0,87348
0,87353
0,87383
0,87388
0,87397
0,87424
0,87427
0,87438
0,87442
0,87466
0,87478
0,87488
0,87503
0,87517
0,87523
0,87529
0,87544
0,87548
0,87554
0,87565
0,87568
0,87609
0,87634
0,87648
0,87671
0,87673
0,87680
0,87682
0,87695
0,87702
0,87709
0,87712
0,87715
0,87717
0,87718
0,87755
0,87825
0,87839
0,87857
0,87897
0,87923
0,87929
0,87944
0,87952
0,88009
0,88037
0,88063
0,88067
0,88087
0,88107
0,88127
0,88136
0,88156
0,88188
0,88197
0,88217
0,88231
0,88244
0,88249
0,88273
0,88297
0,88300
0,88342
0,88368
0,88396
0,88420
0,88429
0,88442
0,88447
0,88481
0,88507
0,88563
0,88565
0,88571
0,88572
0,88574
0,88577
0,88580
0,88586
0,88610
0,88618
0,88665
0,88668
0,88686
0,88705
0,88728
0,88744
0,88760
0,88816
0,88843
0,88844
0,88853
0,88863
0,88867
0,88888
0,88895
0,88897
0,88901
0,88913
0,88947
0,88968
0,88969
0,88980
0,88996
0,89030
0,89042
0,89065
0,89071
0,89075
0,89077
0,89086
0,89097
0,89140
0,89178
0,89179
0,89181
0,89204
0,89222
0,89226
0,89236
0,89251
0,89254
0,89261
0,89273
0,89279
0,89280
0,89283
0,89304
0,89333
0,89382
0,89390
0,89403
0,89419
0,89422
0,89433
0,89465
0,89518
0,89537
0,89546
0,89579
0,89602
0,89622
0,89624
0,89630
0,89670
0,89787
0,89792
0,89811
0,89817
0,89860
0,89871
0,89879
0,89892
0,89904
0,89921
0,89957
0,89963
0,89983
0,89994
0,90009
0,90015
0,90053
0,90099
0,90114
0,90121
0,90148
0,90162
0,90175
0,90192
0,90199
0,90206
0,90207
0,90222
0,90225
0,90230
0,90235
0,90239
0,90306
0,90310
0,90314
0,90315
0,90333
0,90334
0,90337
0,90341
0,90366
0,90383
0,90412
0,90438
0,90441
0,90459
0,90511
0,90516
0,90565
0,90609
0,90635
0,90646
0,90656
0,90661
0,90696
0,90710
0,90749
0,90752
0,90771
0,90775
0,90776
0,90788
0,90814
0,90842
0,90865
0,90877
0,90884
0,90892
0,90900
0,90908
0,90926
0,90939
0,90976
0,91010
0,91022
0,91026
0,91042
0,91051
0,91073
0,91152
0,91175
0,91181
0,91201
0,91205
0,91244
0,91277
0,91327
0,91348
0,91351
0,91352
0,91359
0,91372
0,91385
0,91400
0,91438
0,91448
0,91456
0,91476
0,91491
0,91503
0,91526
0,91539
0,91581
0,91589
0,91606
0,91615
0,91650
0,91653
0,91658
0,91724
0,91725
0,91728
0,91756
0,91779
0,91808
0,91825
0,91842
0,91851
0,91861
0,91897
0,91905
0,91952
0,91959
0,91969
0,91988
0,91989
0,91992
0,92016
0,92024
0,92046
0,92056
0,92085
0,92091
0,92105
0,92109
0,92119
0,92157
0,92179
0,92229
0,92289
0,92295
0,92322
0,92325
0,92327
0,92347
0,92366
0,92369
0,92448
0,92453
0,92499
0,92511
0,92512
0,92516
0,92538
0,92569
0,92602
0,92610
0,92617
0,92628
0,92642
0,92703
0,92708
0,92721
0,92733
0,92734
0,92744
0,92775
0,92777
0,92780
0,92791
0,92792
0,92805
0,92806
0,92821
0,92833
0,92844
0,92859
0,92878
0,92896
0,92915
0,92921
0,92937
0,92946
0,92953
0,92972
0,92980
0,93002
0,93053
0,93060
0,93072
0,93079
0,93103
0,93120
0,93167
0,93178
0,93207
0,93213
0,93251
0,93263
0,93283
0,93306
0,93315
0,93321
0,93328
0,93344
0,93367
0,93385
0,93389
0,93391
0,93404
0,93407
0,93435
0,93482
0,93490
0,93507
0,93526
0,93561
0,93595
0,93613
0,93617
0,93637
0,93652
0,93660
0,93671
0,93684
0,93721
0,93738
0,93747
0,93833
0,93853
0,93866
0,93872
0,93921
0,93926
0,93959
0,93966
0,93976
0,93983
0,94041
0,94051
0,94091
0,94110
0,94164
0,94166
0,94169
0,94248
0,94251
0,94285
0,94297
0,94318
0,94334
0,94343
0,94350
0,94356
0,94360
0,94361
0,94365
0,94421
0,94424
0,94426
0,94434
0,94438
0,94442
0,94452
0,94459
0,94463
0,94480
0,94481
0,94487
0,94488
0,94514
0,94515
0,94518
0,94519
0,94527
0,94529
0,94553
0,94561
0,94571
0,94588
0,94589
0,94626
0,94629
0,94650
0,94651
0,94652
0,94657
0,94672
0,94675
0,94691
0,94713
0,94726
0,94735
0,94737
0,94741
0,94753
0,94757
0,94766
0,94780
0,94802
0,94839
0,94863
0,94893
0,94950
0,94951
0,94960
0,94989
0,95047
0,95131
0,95135
0,95140
0,95148
0,95153
0,95155
0,95188
0,95206
0,95215
0,95225
0,95241
0,95252
0,95297
0,95301
0,95309
0,95321
0,95333
0,95362
0,95364
0,95379
0,95427
0,95443
0,95488
0,95506
0,95570
0,95571
0,95586
0,95591
0,95623
0,95631
0,95641
0,95650
0,95668
0,95672
0,95680
0,95695
0,95704
0,95731
0,95805
0,95829
0,95844
0,95870
0,95887
0,95895
0,95912
0,95922
0,95948
0,95981
0,96018
0,96076
0,96077
0,96078
0,96089
0,96091
0,96113
0,96139
0,96152
0,96166
0,96200
0,96201
0,96273
0,96341
0,96355
0,96363
0,96369
0,96370
0,96371
0,96478
0,96494
0,96500
0,96512
0,96553
0,96590
0,96613
0,96707
0,96714
0,96718
0,96723
0,96789
0,96790
0,96792
0,96798
0,96828
0,96848
0,96858
0,96867
0,96878
0,96905
0,96906
0,96907
0,96915
0,96927
0,96952
0,96967
0,96995
0,97034
0,97087
0,97106
0,97107
0,97112
0,97119
0,97122
0,97142
0,97145
0,97240
0,97271
0,97302
0,97303
0,97329
0,97356
0,97446
0,97451
0,97458
0,97505
0,97555
0,97558
0,97559
0,97581
0,97602
0,97638
0,97661
0,97663
0,97688
0,97706
0,97708
0,97709
0,97724
0,97783
0,97798
0,97834
0,97837
0,97846
0,97864
0,97870
0,97882
0,97904
0,97946
0,97975
0,97987
0,98008
0,98033
0,98060
0,98064
0,98097
0,98101
0,98125
0,98153
0,98161
0,98224
0,98229
0,98245
0,98252
0,98254
0,98258
0,98262
0,98267
0,98275
0,98305
0,98308
0,98334
0,98342
0,98404
0,98407
0,98418
0,98455
0,98491
0,98518
0,98521
0,98523
0,98551
0,98558
0,98567
0,98614
0,98630
0,98634
0,98655
0,98702
0,98708
0,98710
0,98711
0,98730
0,98732
0,98773
0,98779
0,98815
0,98828
0,98847
0,98851
0,98859
0,98869
0,98871
0,98887
0,98894
0,98900
0,98904
0,98948
0,98963
0,98967
0,98993
0,99018
0,99062
0,99063
0,99069
0,99070
0,99102
0,99103
0,99131
0,99197
0,99217
0,99239
0,99252
0,99264
0,99305
0,99309
0,99310
0,99324
0,99328
0,99331
0,99334
0,99366
0,99392
0,99397
0,99439
0,99465
0,99468
0,99488
0,99501
0,99527
0,99530
0,99540
0,99542
0,99557
0,99588
0,99611
0,99671
0,99674
0,99691
0,99719
0,99728
0,99766
0,99788
0,99813
0,99832
0,99840
0,99857
0,99921
0,99922
0,99933
0,99935
0,99943
0,99964
0,99973
0,99975
0,99998
0,99999
0,100007
0,100062
0,100078
0,100092
0,100097
0,100103
0,100133
0,100143
0,100157
0,100170
0,100192
0,100202
0,100205
=,=
