NodeID,Collisions
0,654297
1,654297
2,654297
3,654297
4,654297
5,654297
6,654297
7,654297
8,654297
9,654297
10,654297
11,654297
0,826589
1,826589
2,826589
3,826589
4,826589
5,826589
6,826589
7,826589
8,826589
9,826589
10,826589
11,826589
0,1257772
1,1257772
2,1257772
3,1257772
4,1257772
5,1257772
6,1257772
7,1257772
8,1257772
9,1257772
10,1257772
11,1257772
0,1016358
1,1016358
2,1016358
3,1016358
4,1016358
5,1016358
6,1016358
7,1016358
8,1016358
9,1016358
10,1016358
11,1016358
0,950090
1,950090
2,950090
3,950090
4,950090
5,950090
6,950090
7,950090
8,950090
9,950090
10,950090
11,950090
0,909677
1,909677
2,909677
3,909677
4,909677
5,909677
6,909677
7,909677
8,909677
9,909677
10,909677
11,909677
0,673394
1,673394
2,673394
3,673394
4,673394
5,673394
6,673394
7,673394
8,673394
9,673394
10,673394
11,673394
0,857922
1,857922
2,857922
3,857922
4,857922
5,857922
6,857922
7,857922
8,857922
9,857922
10,857922
11,857922
0,794218
1,794218
2,794218
3,794218
4,794218
5,794218
6,794218
7,794218
8,794218
9,794218
10,794218
11,794218
0,1072412
1,1072412
2,1072412
3,1072412
4,1072412
5,1072412
6,1072412
7,1072412
8,1072412
9,1072412
10,1072412
11,1072412
0,969155
1,969155
2,969155
3,969155
4,969155
5,969155
6,969155
7,969155
8,969155
9,969155
10,969155
11,969155
0,898289
1,898289
2,898289
3,898289
4,898289
5,898289
6,898289
7,898289
8,898289
9,898289
10,898289
11,898289
0,1099575
1,1099575
2,1099575
3,1099575
4,1099575
5,1099575
6,1099575
7,1099575
8,1099575
9,1099575
10,1099575
11,1099575
0,899360
1,899360
2,899360
3,899360
4,899360
5,899360
6,899360
7,899360
8,899360
9,899360
10,899360
11,899360
0,1045157
1,1045157
2,1045157
3,1045157
4,1045157
5,1045157
6,1045157
7,1045157
8,1045157
9,1045157
10,1045157
11,1045157
0,903137
1,903137
2,903137
3,903137
4,903137
5,903137
6,903137
7,903137
8,903137
9,903137
10,903137
11,903137
0,1148765
1,1148765
2,1148765
3,1148765
4,1148765
5,1148765
6,1148765
7,1148765
8,1148765
9,1148765
10,1148765
11,1148765
0,869204
1,869204
2,869204
3,869204
4,869204
5,869204
6,869204
7,869204
8,869204
9,869204
10,869204
11,869204
0,621187
1,621187
2,621187
3,621187
4,621187
5,621187
6,621187
7,621187
8,621187
9,621187
10,621187
11,621187
0,865194
1,865194
2,865194
3,865194
4,865194
5,865194
6,865194
7,865194
8,865194
9,865194
10,865194
11,865194
0,0
0,0
0,0
0,0
0,0
0,0
0,0
0,0
0,0
0,0
0,0
0,0
0,0
0,0
0,0
0,0
0,0
0,0
0,0
0,0
