NodeID,Collisions
0,1397086
1,1397086
2,1397086
3,1397086
4,1397086
5,1397086
6,1397086
7,1397086
8,1397086
9,1397086
10,1397086
11,1397086
12,1397086
13,1397086
14,1397086
15,1397086
16,1397086
17,1397086
18,1397086
19,1397086
0,1728518
1,1728518
2,1728518
3,1728518
4,1728518
5,1728518
6,1728518
7,1728518
8,1728518
9,1728518
10,1728518
11,1728518
12,1728518
13,1728518
14,1728518
15,1728518
16,1728518
17,1728518
18,1728518
19,1728518
0,1439420
1,1439420
2,1439420
3,1439420
4,1439420
5,1439420
6,1439420
7,1439420
8,1439420
9,1439420
10,1439420
11,1439420
12,1439420
13,1439420
14,1439420
15,1439420
16,1439420
17,1439420
18,1439420
19,1439420
0,1591226
1,1591226
2,1591226
3,1591226
4,1591226
5,1591226
6,1591226
7,1591226
8,1591226
9,1591226
10,1591226
11,1591226
12,1591226
13,1591226
14,1591226
15,1591226
16,1591226
17,1591226
18,1591226
19,1591226
0,1405507
1,1405507
2,1405507
3,1405507
4,1405507
5,1405507
6,1405507
7,1405507
8,1405507
9,1405507
10,1405507
11,1405507
12,1405507
13,1405507
14,1405507
15,1405507
16,1405507
17,1405507
18,1405507
19,1405507
0,1202030
1,1202030
2,1202030
3,1202030
4,1202030
5,1202030
6,1202030
7,1202030
8,1202030
9,1202030
10,1202030
11,1202030
12,1202030
13,1202030
14,1202030
15,1202030
16,1202030
17,1202030
18,1202030
19,1202030
0,1299988
1,1299988
2,1299988
3,1299988
4,1299988
5,1299988
6,1299988
7,1299988
8,1299988
9,1299988
10,1299988
11,1299988
12,1299988
13,1299988
14,1299988
15,1299988
16,1299988
17,1299988
18,1299988
19,1299988
0,1244454
1,1244454
2,1244454
3,1244454
4,1244454
5,1244454
6,1244454
7,1244454
8,1244454
9,1244454
10,1244454
11,1244454
12,1244454
13,1244454
14,1244454
15,1244454
16,1244454
17,1244454
18,1244454
19,1244454
0,1327355
1,1327355
2,1327355
3,1327355
4,1327355
5,1327355
6,1327355
7,1327355
8,1327355
9,1327355
10,1327355
11,1327355
12,1327355
13,1327355
14,1327355
15,1327355
16,1327355
17,1327355
18,1327355
19,1327355
0,1489506
1,1489506
2,1489506
3,1489506
4,1489506
5,1489506
6,1489506
7,1489506
8,1489506
9,1489506
10,1489506
11,1489506
12,1489506
13,1489506
14,1489506
15,1489506
16,1489506
17,1489506
18,1489506
19,1489506
0,1569567
1,1569567
2,1569567
3,1569567
4,1569567
5,1569567
6,1569567
7,1569567
8,1569567
9,1569567
10,1569567
11,1569567
12,1569567
13,1569567
14,1569567
15,1569567
16,1569567
17,1569567
18,1569567
19,1569567
0,1358247
1,1358247
2,1358247
3,1358247
4,1358247
5,1358247
6,1358247
7,1358247
8,1358247
9,1358247
10,1358247
11,1358247
12,1358247
13,1358247
14,1358247
15,1358247
16,1358247
17,1358247
18,1358247
19,1358247
0,1614411
1,1614411
2,1614411
3,1614411
4,1614411
5,1614411
6,1614411
7,1614411
8,1614411
9,1614411
10,1614411
11,1614411
12,1614411
13,1614411
14,1614411
15,1614411
16,1614411
17,1614411
18,1614411
19,1614411
0,1309659
1,1309659
2,1309659
3,1309659
4,1309659
5,1309659
6,1309659
7,1309659
8,1309659
9,1309659
10,1309659
11,1309659
12,1309659
13,1309659
14,1309659
15,1309659
16,1309659
17,1309659
18,1309659
19,1309659
0,1380110
1,1380110
2,1380110
3,1380110
4,1380110
5,1380110
6,1380110
7,1380110
8,1380110
9,1380110
10,1380110
11,1380110
12,1380110
13,1380110
14,1380110
15,1380110
16,1380110
17,1380110
18,1380110
19,1380110
0,1115888
1,1115888
2,1115888
3,1115888
4,1115888
5,1115888
6,1115888
7,1115888
8,1115888
9,1115888
10,1115888
11,1115888
12,1115888
13,1115888
14,1115888
15,1115888
16,1115888
17,1115888
18,1115888
19,1115888
0,1453504
1,1453504
2,1453504
3,1453504
4,1453504
5,1453504
6,1453504
7,1453504
8,1453504
9,1453504
10,1453504
11,1453504
12,1453504
13,1453504
14,1453504
15,1453504
16,1453504
17,1453504
18,1453504
19,1453504
0,1439420
1,1439420
2,1439420
3,1439420
4,1439420
5,1439420
6,1439420
7,1439420
8,1439420
9,1439420
10,1439420
11,1439420
12,1439420
13,1439420
14,1439420
15,1439420
16,1439420
17,1439420
18,1439420
19,1439420
0,1715532
1,1715532
2,1715532
3,1715532
4,1715532
5,1715532
6,1715532
7,1715532
8,1715532
9,1715532
10,1715532
11,1715532
12,1715532
13,1715532
14,1715532
15,1715532
16,1715532
17,1715532
18,1715532
19,1715532
0,1497830
1,1497830
2,1497830
3,1497830
4,1497830
5,1497830
6,1497830
7,1497830
8,1497830
9,1497830
10,1497830
11,1497830
12,1497830
13,1497830
14,1497830
15,1497830
16,1497830
17,1497830
18,1497830
19,1497830
