Node_ID,TX_Count,X,Y
0,62824,20,0
1,39812,17.3205,9.99999
2,54159,10,17.3205
3,63517,2.65359e-05,20
4,90737,-9.99997,17.3205
5,48163,-17.3205,10
6,86879,-20,5.30718e-05
7,22487,-17.3205,-9.99995
8,15084,-10.0001,-17.3205
9,103391,-7.96077e-05,-20
10,31870,9.99992,-17.3206
11,66430,17.3205,-10.0001
0,87307,20,0
1,1903440,17.3205,9.99999
2,62676,10,17.3205
3,87490,2.65359e-05,20
4,91683,-9.99997,17.3205
5,124696,-17.3205,10
6,218368,-20,5.30718e-05
7,51778,-17.3205,-9.99995
8,140378,-10.0001,-17.3205
9,161096,-7.96077e-05,-20
10,51516,9.99992,-17.3206
11,66384,17.3205,-10.0001
0,62478,20,0
1,40601,17.3205,9.99999
2,145449,10,17.3205
3,69927,2.65359e-05,20
4,22378,-9.99997,17.3205
5,22064,-17.3205,10
6,372577,-20,5.30718e-05
7,215297,-17.3205,-9.99995
8,946273,-10.0001,-17.3205
9,86020,-7.96077e-05,-20
10,1648446,9.99992,-17.3206
11,81922,17.3205,-10.0001
0,14654,20,0
1,63102,17.3205,9.99999
2,13888,10,17.3205
3,39853,2.65359e-05,20
4,41791,-9.99997,17.3205
5,205373,-17.3205,10
6,13365,-20,5.30718e-05
7,8000326,-17.3205,-9.99995
8,171429,-10.0001,-17.3205
9,87634,-7.96077e-05,-20
10,33084,9.99992,-17.3206
11,227011,17.3205,-10.0001
0,199188,20,0
1,24440,17.3205,9.99999
2,215911,10,17.3205
3,19933,2.65359e-05,20
4,74601,-9.99997,17.3205
5,52850,-17.3205,10
6,34435,-20,5.30718e-05
7,68430,-17.3205,-9.99995
8,142000,-10.0001,-17.3205
9,240487,-7.96077e-05,-20
10,593912,9.99992,-17.3206
11,37284,17.3205,-10.0001
0,22386,20,0
1,123936,17.3205,9.99999
2,29042,10,17.3205
3,1173961,2.65359e-05,20
4,438965,-9.99997,17.3205
5,55310,-17.3205,10
6,66258,-20,5.30718e-05
7,92137,-17.3205,-9.99995
8,122375,-10.0001,-17.3205
9,51323,-7.96077e-05,-20
10,86730,9.99992,-17.3206
11,37556,17.3205,-10.0001
0,629907,20,0
1,33031,17.3205,9.99999
2,86658,10,17.3205
3,38898,2.65359e-05,20
4,13102,-9.99997,17.3205
5,64661,-17.3205,10
6,71903,-20,5.30718e-05
7,668641,-17.3205,-9.99995
8,159962,-10.0001,-17.3205
9,72160,-7.96077e-05,-20
10,43975,9.99992,-17.3206
11,30707,17.3205,-10.0001
0,24191,20,0
1,14455,17.3205,9.99999
2,24582,10,17.3205
3,66064,2.65359e-05,20
4,188741,-9.99997,17.3205
5,4361378,-17.3205,10
6,88820,-20,5.30718e-05
7,97135,-17.3205,-9.99995
8,67609,-10.0001,-17.3205
9,76824,-7.96077e-05,-20
10,61692,9.99992,-17.3206
11,63783,17.3205,-10.0001
0,4794625,20,0
1,71746,17.3205,9.99999
2,73022,10,17.3205
3,348012,2.65359e-05,20
4,326200,-9.99997,17.3205
5,202745,-17.3205,10
6,92224,-20,5.30718e-05
7,175345,-17.3205,-9.99995
8,569450,-10.0001,-17.3205
9,117958,-7.96077e-05,-20
10,274043,9.99992,-17.3206
11,23716,17.3205,-10.0001
0,33889,20,0
1,2384326,17.3205,9.99999
2,49793,10,17.3205
3,36192,2.65359e-05,20
4,72447,-9.99997,17.3205
5,196364,-17.3205,10
6,226527,-20,5.30718e-05
7,34982,-17.3205,-9.99995
8,269893,-10.0001,-17.3205
9,540611,-7.96077e-05,-20
10,43241,9.99992,-17.3206
11,16308,17.3205,-10.0001
