Node_ID,TX_Count,X,Y
0,62824,20,0
1,39812,10,17.3205
2,54159,-9.99997,17.3205
3,63517,-20,5.30718e-05
4,90737,-10.0001,-17.3205
5,48163,9.99992,-17.3206
0,25084,20,0
1,149102,10,17.3205
2,657218,-9.99997,17.3205
3,34706,-20,5.30718e-05
4,82948,-10.0001,-17.3205
5,63977,9.99992,-17.3206
0,62478,20,0
1,40601,10,17.3205
2,145449,-9.99997,17.3205
3,69927,-20,5.30718e-05
4,22378,-10.0001,-17.3205
5,22064,9.99992,-17.3206
0,14654,20,0
1,63102,10,17.3205
2,13888,-9.99997,17.3205
3,39853,-20,5.30718e-05
4,41791,-10.0001,-17.3205
5,205373,9.99992,-17.3206
0,199188,20,0
1,24440,10,17.3205
2,215911,-9.99997,17.3205
3,19933,-20,5.30718e-05
4,74601,-10.0001,-17.3205
5,52850,9.99992,-17.3206
0,22386,20,0
1,123936,10,17.3205
2,29042,-9.99997,17.3205
3,1173961,-20,5.30718e-05
4,438965,-10.0001,-17.3205
5,55310,9.99992,-17.3206
0,47579,20,0
1,71012,10,17.3205
2,23712,-9.99997,17.3205
3,249131,-20,5.30718e-05
4,26149,-10.0001,-17.3205
5,36054,9.99992,-17.3206
0,24191,20,0
1,14455,10,17.3205
2,24582,-9.99997,17.3205
3,66064,-20,5.30718e-05
4,188741,-10.0001,-17.3205
5,4361378,9.99992,-17.3206
0,33251,20,0
1,184362,10,17.3205
2,28755,-9.99997,17.3205
3,14820,-20,5.30718e-05
4,13900,-10.0001,-17.3205
5,82764,9.99992,-17.3206
0,69307,20,0
1,33704,10,17.3205
2,24468,-9.99997,17.3205
3,6188502,-20,5.30718e-05
4,134887,-10.0001,-17.3205
5,15820,9.99992,-17.3206
0,48393,20,0
1,104332,10,17.3205
2,45964,-9.99997,17.3205
3,279785,-20,5.30718e-05
4,15215,-10.0001,-17.3205
5,117465,9.99992,-17.3206
0,56367,20,0
1,21931,10,17.3205
2,22510,-9.99997,17.3205
3,29552,-20,5.30718e-05
4,1368010,-10.0001,-17.3205
5,42486,9.99992,-17.3206
0,148391,20,0
1,15760,10,17.3205
2,33990,-9.99997,17.3205
3,11540,-20,5.30718e-05
4,214222,-10.0001,-17.3205
5,339572,9.99992,-17.3206
0,25534,20,0
1,107217,10,17.3205
2,61731,-9.99997,17.3205
3,16048,-20,5.30718e-05
4,37472,-10.0001,-17.3205
5,29518,9.99992,-17.3206
0,68648,20,0
1,17026,10,17.3205
2,34480,-9.99997,17.3205
3,150677,-20,5.30718e-05
4,200159,-10.0001,-17.3205
5,43139,9.99992,-17.3206
0,15532,20,0
1,41586,10,17.3205
2,5601,-9.99997,17.3205
3,201169,-20,5.30718e-05
4,111623,-10.0001,-17.3205
5,37135,9.99992,-17.3206
0,24496,20,0
1,57278,10,17.3205
2,152956,-9.99997,17.3205
3,243090,-20,5.30718e-05
4,94429,-10.0001,-17.3205
5,400463,9.99992,-17.3206
0,38349,20,0
1,54329,10,17.3205
2,16446,-9.99997,17.3205
3,323584,-20,5.30718e-05
4,30360,-10.0001,-17.3205
5,110786,9.99992,-17.3206
0,90149,20,0
1,29671,10,17.3205
2,37608,-9.99997,17.3205
3,24692,-20,5.30718e-05
4,103412,-10.0001,-17.3205
5,12870,9.99992,-17.3206
0,38295,20,0
1,60695,10,17.3205
2,374550,-9.99997,17.3205
3,98655,-20,5.30718e-05
4,32893,-10.0001,-17.3205
5,69894,9.99992,-17.3206
