Node_ID,TX_Count,X,Y
0,49924,20,0
1,49851,18.7939,6.8404
2,49557,15.3209,12.8557
3,49870,10,17.3205
4,49881,3.47299,19.6962
5,50186,-3.47293,19.6962
6,49543,-9.99997,17.3205
7,50358,-15.3209,12.8558
8,50055,-18.7938,6.84045
9,49836,-20,5.30718e-05
10,49767,-18.7939,-6.84035
11,49921,-15.3209,-12.8557
12,50186,-10.0001,-17.3205
13,50387,-3.47304,-19.6961
14,50158,3.47288,-19.6962
15,50182,9.99992,-17.3206
16,49733,15.3208,-12.8558
17,49920,18.7938,-6.8405
0,49945,20,0
1,50373,18.7939,6.8404
2,50320,15.3209,12.8557
3,49771,10,17.3205
4,49611,3.47299,19.6962
5,49935,-3.47293,19.6962
6,50379,-9.99997,17.3205
7,50126,-15.3209,12.8558
8,49909,-18.7938,6.84045
9,49826,-20,5.30718e-05
10,50111,-18.7939,-6.84035
11,50145,-15.3209,-12.8557
12,50265,-10.0001,-17.3205
13,50063,-3.47304,-19.6961
14,49718,3.47288,-19.6962
15,50311,9.99992,-17.3206
16,49826,15.3208,-12.8558
17,49637,18.7938,-6.8405
0,50056,20,0
1,49896,18.7939,6.8404
2,50113,15.3209,12.8557
3,50065,10,17.3205
4,50147,3.47299,19.6962
5,49520,-3.47293,19.6962
6,49732,-9.99997,17.3205
7,49480,-15.3209,12.8558
8,50485,-18.7938,6.84045
9,50451,-20,5.30718e-05
10,50096,-18.7939,-6.84035
11,50056,-15.3209,-12.8557
12,49996,-10.0001,-17.3205
13,50035,-3.47304,-19.6961
14,50579,3.47288,-19.6962
15,49970,9.99992,-17.3206
16,50188,15.3208,-12.8558
17,49770,18.7938,-6.8405
0,50114,20,0
1,50311,18.7939,6.8404
2,49879,15.3209,12.8557
3,49906,10,17.3205
4,50236,3.47299,19.6962
5,49925,-3.47293,19.6962
6,50125,-9.99997,17.3205
7,49743,-15.3209,12.8558
8,50104,-18.7938,6.84045
9,49992,-20,5.30718e-05
10,49870,-18.7939,-6.84035
11,50432,-15.3209,-12.8557
12,50053,-10.0001,-17.3205
13,49564,-3.47304,-19.6961
14,49913,3.47288,-19.6962
15,49604,9.99992,-17.3206
16,50053,15.3208,-12.8558
17,49871,18.7938,-6.8405
0,50173,20,0
1,49801,18.7939,6.8404
2,49710,15.3209,12.8557
3,49557,10,17.3205
4,50101,3.47299,19.6962
5,49908,-3.47293,19.6962
6,49893,-9.99997,17.3205
7,50410,-15.3209,12.8558
8,49764,-18.7938,6.84045
9,49986,-20,5.30718e-05
10,49852,-18.7939,-6.84035
11,49893,-15.3209,-12.8557
12,49576,-10.0001,-17.3205
13,50387,-3.47304,-19.6961
14,49814,3.47288,-19.6962
15,50317,9.99992,-17.3206
16,49589,15.3208,-12.8558
17,50189,18.7938,-6.8405
0,49454,20,0
1,50080,18.7939,6.8404
2,49919,15.3209,12.8557
3,49879,10,17.3205
4,50524,3.47299,19.6962
5,50310,-3.47293,19.6962
6,49994,-9.99997,17.3205
7,50149,-15.3209,12.8558
8,49611,-18.7938,6.84045
9,50493,-20,5.30718e-05
10,49910,-18.7939,-6.84035
11,50033,-15.3209,-12.8557
12,49805,-10.0001,-17.3205
13,50295,-3.47304,-19.6961
14,49902,3.47288,-19.6962
15,50024,9.99992,-17.3206
16,49856,15.3208,-12.8558
17,50052,18.7938,-6.8405
0,49971,20,0
1,50224,18.7939,6.8404
2,50173,15.3209,12.8557
3,50062,10,17.3205
4,50107,3.47299,19.6962
5,50058,-3.47293,19.6962
6,50301,-9.99997,17.3205
7,50318,-15.3209,12.8558
8,50134,-18.7938,6.84045
9,50091,-20,5.30718e-05
10,49801,-18.7939,-6.84035
11,49686,-15.3209,-12.8557
12,49969,-10.0001,-17.3205
13,50096,-3.47304,-19.6961
14,50076,3.47288,-19.6962
15,50190,9.99992,-17.3206
16,49677,15.3208,-12.8558
17,49535,18.7938,-6.8405
0,50020,20,0
1,49671,18.7939,6.8404
2,50068,15.3209,12.8557
3,50068,10,17.3205
4,49992,3.47299,19.6962
5,50063,-3.47293,19.6962
6,49802,-9.99997,17.3205
7,49881,-15.3209,12.8558
8,49796,-18.7938,6.84045
9,50126,-20,5.30718e-05
10,49851,-18.7939,-6.84035
11,50034,-15.3209,-12.8557
12,49930,-10.0001,-17.3205
13,49873,-3.47304,-19.6961
14,50031,3.47288,-19.6962
15,50183,9.99992,-17.3206
16,49826,15.3208,-12.8558
17,50108,18.7938,-6.8405
0,50192,20,0
1,50147,18.7939,6.8404
2,50000,15.3209,12.8557
3,49946,10,17.3205
4,49918,3.47299,19.6962
5,49737,-3.47293,19.6962
6,50394,-9.99997,17.3205
7,49671,-15.3209,12.8558
8,49939,-18.7938,6.84045
9,50244,-20,5.30718e-05
10,49991,-18.7939,-6.84035
11,50153,-15.3209,-12.8557
12,50075,-10.0001,-17.3205
13,49985,-3.47304,-19.6961
14,50081,3.47288,-19.6962
15,50146,9.99992,-17.3206
16,50243,15.3208,-12.8558
17,49945,18.7938,-6.8405
0,49920,20,0
1,50297,18.7939,6.8404
2,49964,15.3209,12.8557
3,50100,10,17.3205
4,50315,3.47299,19.6962
5,49491,-3.47293,19.6962
6,50010,-9.99997,17.3205
7,50139,-15.3209,12.8558
8,50233,-18.7938,6.84045
9,50025,-20,5.30718e-05
10,49809,-18.7939,-6.84035
11,49524,-15.3209,-12.8557
12,49755,-10.0001,-17.3205
13,50325,-3.47304,-19.6961
14,49947,3.47288,-19.6962
15,50275,9.99992,-17.3206
16,49944,15.3208,-12.8558
17,49863,18.7938,-6.8405
