Node_ID,TX_Count,X,Y
0,62824,20,0
1,39812,19.0211,6.18033
2,54159,16.1803,11.7557
3,63517,11.7557,16.1803
4,90737,6.18036,19.0211
5,48163,2.65359e-05,20
6,86879,-6.18031,19.0211
7,22487,-11.7557,16.1804
8,15084,-16.1803,11.7557
9,103391,-19.0211,6.18039
10,31870,-20,5.30718e-05
11,66430,-19.0211,-6.18028
12,59565,-16.1804,-11.7557
13,19244,-11.7558,-16.1803
14,678561,-6.18041,-19.0211
15,548481,-7.96077e-05,-20
16,2447910,6.18026,-19.0212
17,27973,11.7556,-16.1804
18,33206,16.1803,-11.7558
19,24507,19.0211,-6.18044
0,143233,20,0
1,66114,19.0211,6.18033
2,235184,16.1803,11.7557
3,711081,11.7557,16.1803
4,32334,6.18036,19.0211
5,46813,2.65359e-05,20
6,49272,-6.18031,19.0211
7,58338,-11.7557,16.1804
8,1254821,-16.1803,11.7557
9,112899,-19.0211,6.18039
10,17165,-20,5.30718e-05
11,807456,-19.0211,-6.18028
12,25058,-16.1804,-11.7557
13,23833,-11.7558,-16.1803
14,951465,-6.18041,-19.0211
15,47315,-7.96077e-05,-20
16,62313,6.18026,-19.0212
17,54940,11.7556,-16.1804
18,75674,16.1803,-11.7558
19,150303,19.0211,-6.18044
0,62478,20,0
1,40601,19.0211,6.18033
2,145449,16.1803,11.7557
3,69927,11.7557,16.1803
4,22378,6.18036,19.0211
5,22064,2.65359e-05,20
6,372577,-6.18031,19.0211
7,215297,-11.7557,16.1804
8,946273,-16.1803,11.7557
9,86020,-19.0211,6.18039
10,1648446,-20,5.30718e-05
11,81922,-19.0211,-6.18028
12,47739,-16.1804,-11.7557
13,153184,-11.7558,-16.1803
14,44335,-6.18041,-19.0211
15,55947,-7.96077e-05,-20
16,2059807,6.18026,-19.0212
17,61097,11.7556,-16.1804
18,166614,16.1803,-11.7558
19,93229,19.0211,-6.18044
0,14654,20,0
1,63102,19.0211,6.18033
2,13888,16.1803,11.7557
3,39853,11.7557,16.1803
4,41791,6.18036,19.0211
5,205373,2.65359e-05,20
6,13365,-6.18031,19.0211
7,8000326,-11.7557,16.1804
8,171429,-16.1803,11.7557
9,87634,-19.0211,6.18039
10,33084,-20,5.30718e-05
11,227011,-19.0211,-6.18028
12,25155,-16.1804,-11.7557
13,12200,-11.7558,-16.1803
14,279427,-6.18041,-19.0211
15,54967,-7.96077e-05,-20
16,5539115,6.18026,-19.0212
17,102315,11.7556,-16.1804
18,1107057,16.1803,-11.7558
19,15932,19.0211,-6.18044
0,199188,20,0
1,24440,19.0211,6.18033
2,215911,16.1803,11.7557
3,19933,11.7557,16.1803
4,74601,6.18036,19.0211
5,52850,2.65359e-05,20
6,34435,-6.18031,19.0211
7,68430,-11.7557,16.1804
8,142000,-16.1803,11.7557
9,240487,-19.0211,6.18039
10,593912,-20,5.30718e-05
11,37284,-19.0211,-6.18028
12,85888,-16.1804,-11.7557
13,290119,-11.7558,-16.1803
14,23588,-6.18041,-19.0211
15,156092,-7.96077e-05,-20
16,93487,6.18026,-19.0212
17,142414,11.7556,-16.1804
18,50456,16.1803,-11.7558
19,57663,19.0211,-6.18044
0,22386,20,0
1,123936,19.0211,6.18033
2,29042,16.1803,11.7557
3,1173961,11.7557,16.1803
4,438965,6.18036,19.0211
5,55310,2.65359e-05,20
6,66258,-6.18031,19.0211
7,92137,-11.7557,16.1804
8,122375,-16.1803,11.7557
9,51323,-19.0211,6.18039
10,86730,-20,5.30718e-05
11,37556,-19.0211,-6.18028
12,68504,-16.1804,-11.7557
13,57818,-11.7558,-16.1803
14,48233,-6.18041,-19.0211
15,10805,-7.96077e-05,-20
16,29172,6.18026,-19.0212
17,93796,11.7556,-16.1804
18,23928,16.1803,-11.7558
19,28804,19.0211,-6.18044
0,47579,20,0
1,71012,19.0211,6.18033
2,23712,16.1803,11.7557
3,249131,11.7557,16.1803
4,26149,6.18036,19.0211
5,36054,2.65359e-05,20
6,45583,-6.18031,19.0211
7,11328,-11.7557,16.1804
8,168341,-16.1803,11.7557
9,1741296,-19.0211,6.18039
10,49514,-20,5.30718e-05
11,26605,-19.0211,-6.18028
12,37525,-16.1804,-11.7557
13,2377937,-11.7558,-16.1803
14,422524,-6.18041,-19.0211
15,141472,-7.96077e-05,-20
16,43050,6.18026,-19.0212
17,25281,11.7556,-16.1804
18,225797,16.1803,-11.7558
19,46704,19.0211,-6.18044
0,24191,20,0
1,14455,19.0211,6.18033
2,24582,16.1803,11.7557
3,66064,11.7557,16.1803
4,188741,6.18036,19.0211
5,4361378,2.65359e-05,20
6,88820,-6.18031,19.0211
7,97135,-11.7557,16.1804
8,67609,-16.1803,11.7557
9,76824,-19.0211,6.18039
10,61692,-20,5.30718e-05
11,63783,-19.0211,-6.18028
12,34945,-16.1804,-11.7557
13,40126,-11.7558,-16.1803
14,51720,-6.18041,-19.0211
15,90044,-7.96077e-05,-20
16,146547,6.18026,-19.0212
17,13721,11.7556,-16.1804
18,123115,16.1803,-11.7558
19,202491,19.0211,-6.18044
0,33251,20,0
1,184362,19.0211,6.18033
2,28755,16.1803,11.7557
3,14820,11.7557,16.1803
4,13900,6.18036,19.0211
5,82764,2.65359e-05,20
6,53240,-6.18031,19.0211
7,33468,-11.7557,16.1804
8,48727,-16.1803,11.7557
9,39057,-19.0211,6.18039
10,1401934,-20,5.30718e-05
11,141059,-19.0211,-6.18028
12,829268,-16.1804,-11.7557
13,25703,-11.7558,-16.1803
14,107164,-6.18041,-19.0211
15,43900,-7.96077e-05,-20
16,168868,6.18026,-19.0212
17,117078,11.7556,-16.1804
18,5286895,16.1803,-11.7558
19,112693,19.0211,-6.18044
0,69307,20,0
1,33704,19.0211,6.18033
2,24468,16.1803,11.7557
3,6188502,11.7557,16.1803
4,134887,6.18036,19.0211
5,15820,2.65359e-05,20
6,69471,-6.18031,19.0211
7,130500,-11.7557,16.1804
8,64534,-16.1803,11.7557
9,199943,-19.0211,6.18039
10,30444,-20,5.30718e-05
11,119350,-19.0211,-6.18028
12,64590,-16.1804,-11.7557
13,8487368,-11.7558,-16.1803
14,44713,-6.18041,-19.0211
15,212087,-7.96077e-05,-20
16,18543,6.18026,-19.0212
17,106657,11.7556,-16.1804
18,35817,16.1803,-11.7558
19,34716,19.0211,-6.18044
