Node_ID,TX_Count,X,Y
0,62824,20,0
1,39812,14.1421,14.1421
2,54159,2.65359e-05,20
3,63517,-14.1421,14.1422
4,90737,-20,5.30718e-05
5,48163,-14.1422,-14.1421
6,86879,-7.96077e-05,-20
7,22487,14.1421,-14.1422
0,143233,20,0
1,66114,14.1421,14.1421
2,235184,2.65359e-05,20
3,711081,-14.1421,14.1422
4,32334,-20,5.30718e-05
5,46813,-14.1422,-14.1421
6,49272,-7.96077e-05,-20
7,58338,14.1421,-14.1422
0,62478,20,0
1,40601,14.1421,14.1421
2,145449,2.65359e-05,20
3,69927,-14.1421,14.1422
4,22378,-20,5.30718e-05
5,22064,-14.1422,-14.1421
6,372577,-7.96077e-05,-20
7,215297,14.1421,-14.1422
0,14654,20,0
1,63102,14.1421,14.1421
2,13888,2.65359e-05,20
3,39853,-14.1421,14.1422
4,41791,-20,5.30718e-05
5,205373,-14.1422,-14.1421
6,13365,-7.96077e-05,-20
7,8000326,14.1421,-14.1422
0,199188,20,0
1,24440,14.1421,14.1421
2,215911,2.65359e-05,20
3,19933,-14.1421,14.1422
4,74601,-20,5.30718e-05
5,52850,-14.1422,-14.1421
6,34435,-7.96077e-05,-20
7,68430,14.1421,-14.1422
0,22386,20,0
1,123936,14.1421,14.1421
2,29042,2.65359e-05,20
3,1173961,-14.1421,14.1422
4,438965,-20,5.30718e-05
5,55310,-14.1422,-14.1421
6,66258,-7.96077e-05,-20
7,92137,14.1421,-14.1422
0,47579,20,0
1,71012,14.1421,14.1421
2,23712,2.65359e-05,20
3,249131,-14.1421,14.1422
4,26149,-20,5.30718e-05
5,36054,-14.1422,-14.1421
6,45583,-7.96077e-05,-20
7,11328,14.1421,-14.1422
0,24191,20,0
1,14455,14.1421,14.1421
2,24582,2.65359e-05,20
3,66064,-14.1421,14.1422
4,188741,-20,5.30718e-05
5,4361378,-14.1422,-14.1421
6,88820,-7.96077e-05,-20
7,97135,14.1421,-14.1422
0,33251,20,0
1,184362,14.1421,14.1421
2,28755,2.65359e-05,20
3,14820,-14.1421,14.1422
4,13900,-20,5.30718e-05
5,82764,-14.1422,-14.1421
6,53240,-7.96077e-05,-20
7,33468,14.1421,-14.1422
0,69307,20,0
1,33704,14.1421,14.1421
2,24468,2.65359e-05,20
3,6188502,-14.1421,14.1422
4,134887,-20,5.30718e-05
5,15820,-14.1422,-14.1421
6,69471,-7.96077e-05,-20
7,130500,14.1421,-14.1422
