Node_ID,TX_Count,X,Y
0,62824,20,0
1,39812,2.65359e-05,20
2,54159,-20,5.30718e-05
3,63517,-7.96077e-05,-20
0,25084,20,0
1,149102,2.65359e-05,20
2,657218,-20,5.30718e-05
3,34706,-7.96077e-05,-20
0,62478,20,0
1,40601,2.65359e-05,20
2,145449,-20,5.30718e-05
3,69927,-7.96077e-05,-20
0,14654,20,0
1,63102,2.65359e-05,20
2,13888,-20,5.30718e-05
3,39853,-7.96077e-05,-20
0,199188,20,0
1,24440,2.65359e-05,20
2,215911,-20,5.30718e-05
3,19933,-7.96077e-05,-20
0,22386,20,0
1,123936,2.65359e-05,20
2,29042,-20,5.30718e-05
3,1173961,-7.96077e-05,-20
0,47579,20,0
1,71012,2.65359e-05,20
2,23712,-20,5.30718e-05
3,249131,-7.96077e-05,-20
0,24191,20,0
1,14455,2.65359e-05,20
2,24582,-20,5.30718e-05
3,66064,-7.96077e-05,-20
0,33251,20,0
1,184362,2.65359e-05,20
2,28755,-20,5.30718e-05
3,14820,-7.96077e-05,-20
0,69307,20,0
1,33704,2.65359e-05,20
2,24468,-20,5.30718e-05
3,6188502,-7.96077e-05,-20
0,48393,20,0
1,104332,2.65359e-05,20
2,45964,-20,5.30718e-05
3,279785,-7.96077e-05,-20
0,56367,20,0
1,21931,2.65359e-05,20
2,22510,-20,5.30718e-05
3,29552,-7.96077e-05,-20
0,148391,20,0
1,15760,2.65359e-05,20
2,33990,-20,5.30718e-05
3,11540,-7.96077e-05,-20
0,25534,20,0
1,107217,2.65359e-05,20
2,61731,-20,5.30718e-05
3,16048,-7.96077e-05,-20
0,68648,20,0
1,17026,2.65359e-05,20
2,34480,-20,5.30718e-05
3,150677,-7.96077e-05,-20
0,15532,20,0
1,41586,2.65359e-05,20
2,5601,-20,5.30718e-05
3,201169,-7.96077e-05,-20
0,24496,20,0
1,57278,2.65359e-05,20
2,152956,-20,5.30718e-05
3,243090,-7.96077e-05,-20
0,38349,20,0
1,54329,2.65359e-05,20
2,16446,-20,5.30718e-05
3,323584,-7.96077e-05,-20
0,90149,20,0
1,29671,2.65359e-05,20
2,37608,-20,5.30718e-05
3,24692,-7.96077e-05,-20
0,38295,20,0
1,60695,2.65359e-05,20
2,374550,-20,5.30718e-05
3,98655,-7.96077e-05,-20
