Node_ID,TX_Count,X,Y
0,62824,20,0
1,39812,18.4776,7.65366
2,54159,14.1421,14.1421
3,63517,7.65369,18.4776
4,90737,2.65359e-05,20
5,48163,-7.65364,18.4776
6,86879,-14.1421,14.1422
7,22487,-18.4776,7.65371
8,15084,-20,5.30718e-05
9,103391,-18.4776,-7.65361
10,31870,-14.1422,-14.1421
11,66430,-7.65374,-18.4776
12,59565,-7.96077e-05,-20
13,19244,7.65359,-18.4776
14,678561,14.1421,-14.1422
15,548481,18.4776,-7.65376
0,143233,20,0
1,66114,18.4776,7.65366
2,235184,14.1421,14.1421
3,711081,7.65369,18.4776
4,32334,2.65359e-05,20
5,46813,-7.65364,18.4776
6,49272,-14.1421,14.1422
7,58338,-18.4776,7.65371
8,1254821,-20,5.30718e-05
9,112899,-18.4776,-7.65361
10,17165,-14.1422,-14.1421
11,807456,-7.65374,-18.4776
12,25058,-7.96077e-05,-20
13,23833,7.65359,-18.4776
14,951465,14.1421,-14.1422
15,47315,18.4776,-7.65376
0,62478,20,0
1,40601,18.4776,7.65366
2,145449,14.1421,14.1421
3,69927,7.65369,18.4776
4,22378,2.65359e-05,20
5,22064,-7.65364,18.4776
6,372577,-14.1421,14.1422
7,215297,-18.4776,7.65371
8,946273,-20,5.30718e-05
9,86020,-18.4776,-7.65361
10,1648446,-14.1422,-14.1421
11,81922,-7.65374,-18.4776
12,47739,-7.96077e-05,-20
13,153184,7.65359,-18.4776
14,44335,14.1421,-14.1422
15,55947,18.4776,-7.65376
0,14654,20,0
1,63102,18.4776,7.65366
2,13888,14.1421,14.1421
3,39853,7.65369,18.4776
4,41791,2.65359e-05,20
5,205373,-7.65364,18.4776
6,13365,-14.1421,14.1422
7,8000326,-18.4776,7.65371
8,171429,-20,5.30718e-05
9,87634,-18.4776,-7.65361
10,33084,-14.1422,-14.1421
11,227011,-7.65374,-18.4776
12,25155,-7.96077e-05,-20
13,12200,7.65359,-18.4776
14,279427,14.1421,-14.1422
15,54967,18.4776,-7.65376
0,199188,20,0
1,24440,18.4776,7.65366
2,215911,14.1421,14.1421
3,19933,7.65369,18.4776
4,74601,2.65359e-05,20
5,52850,-7.65364,18.4776
6,34435,-14.1421,14.1422
7,68430,-18.4776,7.65371
8,142000,-20,5.30718e-05
9,240487,-18.4776,-7.65361
10,593912,-14.1422,-14.1421
11,37284,-7.65374,-18.4776
12,85888,-7.96077e-05,-20
13,290119,7.65359,-18.4776
14,23588,14.1421,-14.1422
15,156092,18.4776,-7.65376
0,22386,20,0
1,123936,18.4776,7.65366
2,29042,14.1421,14.1421
3,1173961,7.65369,18.4776
4,438965,2.65359e-05,20
5,55310,-7.65364,18.4776
6,66258,-14.1421,14.1422
7,92137,-18.4776,7.65371
8,122375,-20,5.30718e-05
9,51323,-18.4776,-7.65361
10,86730,-14.1422,-14.1421
11,37556,-7.65374,-18.4776
12,68504,-7.96077e-05,-20
13,57818,7.65359,-18.4776
14,48233,14.1421,-14.1422
15,10805,18.4776,-7.65376
0,47579,20,0
1,71012,18.4776,7.65366
2,23712,14.1421,14.1421
3,249131,7.65369,18.4776
4,26149,2.65359e-05,20
5,36054,-7.65364,18.4776
6,45583,-14.1421,14.1422
7,11328,-18.4776,7.65371
8,168341,-20,5.30718e-05
9,1741296,-18.4776,-7.65361
10,49514,-14.1422,-14.1421
11,26605,-7.65374,-18.4776
12,37525,-7.96077e-05,-20
13,2377937,7.65359,-18.4776
14,422524,14.1421,-14.1422
15,141472,18.4776,-7.65376
0,24191,20,0
1,14455,18.4776,7.65366
2,24582,14.1421,14.1421
3,66064,7.65369,18.4776
4,188741,2.65359e-05,20
5,4361378,-7.65364,18.4776
6,88820,-14.1421,14.1422
7,97135,-18.4776,7.65371
8,67609,-20,5.30718e-05
9,76824,-18.4776,-7.65361
10,61692,-14.1422,-14.1421
11,63783,-7.65374,-18.4776
12,34945,-7.96077e-05,-20
13,40126,7.65359,-18.4776
14,51720,14.1421,-14.1422
15,90044,18.4776,-7.65376
0,33251,20,0
1,184362,18.4776,7.65366
2,28755,14.1421,14.1421
3,14820,7.65369,18.4776
4,13900,2.65359e-05,20
5,82764,-7.65364,18.4776
6,53240,-14.1421,14.1422
7,33468,-18.4776,7.65371
8,48727,-20,5.30718e-05
9,39057,-18.4776,-7.65361
10,1401934,-14.1422,-14.1421
11,141059,-7.65374,-18.4776
12,829268,-7.96077e-05,-20
13,25703,7.65359,-18.4776
14,107164,14.1421,-14.1422
15,43900,18.4776,-7.65376
0,69307,20,0
1,33704,18.4776,7.65366
2,24468,14.1421,14.1421
3,6188502,7.65369,18.4776
4,134887,2.65359e-05,20
5,15820,-7.65364,18.4776
6,69471,-14.1421,14.1422
7,130500,-18.4776,7.65371
8,64534,-20,5.30718e-05
9,199943,-18.4776,-7.65361
10,30444,-14.1422,-14.1421
11,119350,-7.65374,-18.4776
12,64590,-7.96077e-05,-20
13,8487368,7.65359,-18.4776
14,44713,14.1421,-14.1422
15,212087,18.4776,-7.65376
