Node_ID,TX_Count,X,Y
0,49798,20,0
1,49958,16.1803,11.7557
2,49987,6.18036,19.0211
3,50295,-6.18031,19.0211
4,50033,-16.1803,11.7557
5,50072,-20,5.30718e-05
6,49997,-16.1804,-11.7557
7,49890,-6.18041,-19.0211
8,50049,6.18026,-19.0212
9,50032,16.1803,-11.7558
0,49960,20,0
1,50185,16.1803,11.7557
2,50070,6.18036,19.0211
3,50044,-6.18031,19.0211
4,49902,-16.1803,11.7557
5,49856,-20,5.30718e-05
6,50204,-16.1804,-11.7557
7,49712,-6.18041,-19.0211
8,50106,6.18026,-19.0212
9,50055,16.1803,-11.7558
0,50129,20,0
1,50189,16.1803,11.7557
2,49976,6.18036,19.0211
3,49962,-6.18031,19.0211
4,50159,-16.1803,11.7557
5,49930,-20,5.30718e-05
6,50184,-16.1804,-11.7557
7,49759,-6.18041,-19.0211
8,50137,6.18026,-19.0212
9,50351,16.1803,-11.7558
0,49902,20,0
1,49949,16.1803,11.7557
2,50197,6.18036,19.0211
3,49779,-6.18031,19.0211
4,49835,-16.1803,11.7557
5,49794,-20,5.30718e-05
6,50108,-16.1804,-11.7557
7,50146,-6.18041,-19.0211
8,49944,6.18026,-19.0212
9,49863,16.1803,-11.7558
0,49720,20,0
1,50360,16.1803,11.7557
2,49459,6.18036,19.0211
3,49905,-6.18031,19.0211
4,49974,-16.1803,11.7557
5,49796,-20,5.30718e-05
6,49970,-16.1804,-11.7557
7,49648,-6.18041,-19.0211
8,49936,6.18026,-19.0212
9,50040,16.1803,-11.7558
0,49825,20,0
1,49699,16.1803,11.7557
2,50362,6.18036,19.0211
3,49607,-6.18031,19.0211
4,49952,-16.1803,11.7557
5,50094,-20,5.30718e-05
6,49869,-16.1804,-11.7557
7,50154,-6.18041,-19.0211
8,49449,6.18026,-19.0212
9,50057,16.1803,-11.7558
0,50133,20,0
1,50103,16.1803,11.7557
2,50088,6.18036,19.0211
3,50242,-6.18031,19.0211
4,49814,-16.1803,11.7557
5,50235,-20,5.30718e-05
6,49831,-16.1804,-11.7557
7,50141,-6.18041,-19.0211
8,49949,6.18026,-19.0212
9,50445,16.1803,-11.7558
0,50308,20,0
1,50138,16.1803,11.7557
2,50221,6.18036,19.0211
3,49563,-6.18031,19.0211
4,49975,-16.1803,11.7557
5,49921,-20,5.30718e-05
6,49754,-16.1804,-11.7557
7,50156,-6.18041,-19.0211
8,49961,6.18026,-19.0212
9,49815,16.1803,-11.7558
0,49957,20,0
1,50247,16.1803,11.7557
2,50099,6.18036,19.0211
3,50042,-6.18031,19.0211
4,49769,-16.1803,11.7557
5,49940,-20,5.30718e-05
6,50301,-16.1804,-11.7557
7,49966,-6.18041,-19.0211
8,49582,6.18026,-19.0212
9,49897,16.1803,-11.7558
0,49948,20,0
1,50112,16.1803,11.7557
2,50055,6.18036,19.0211
3,49958,-6.18031,19.0211
4,49931,-16.1803,11.7557
5,50387,-20,5.30718e-05
6,49974,-16.1804,-11.7557
7,50267,-6.18041,-19.0211
8,50102,6.18026,-19.0212
9,49728,16.1803,-11.7558
