Node_ID,TX_Count,X,Y
0,26888,20,0
1,54159,-20,5.30718e-05
0,117534,20,0
1,657218,-20,5.30718e-05
0,39628,20,0
1,16446,-20,5.30718e-05
0,263738,20,0
1,13888,-20,5.30718e-05
0,28094,20,0
1,215911,-20,5.30718e-05
0,20461,20,0
1,17326,-20,5.30718e-05
0,30110,20,0
1,29120,-20,5.30718e-05
0,44918,20,0
1,151279,-20,5.30718e-05
0,25484,20,0
1,28755,-20,5.30718e-05
0,20797,20,0
1,38325,-20,5.30718e-05
0,203063,20,0
1,45964,-20,5.30718e-05
0,161349,20,0
1,149130,-20,5.30718e-05
0,70253,20,0
1,118897,-20,5.30718e-05
0,91489,20,0
1,61731,-20,5.30718e-05
0,26702,20,0
1,82408,-20,5.30718e-05
0,920765,20,0
1,5601,-20,5.30718e-05
0,12978,20,0
1,75600,-20,5.30718e-05
0,39628,20,0
1,16446,-20,5.30718e-05
0,20291,20,0
1,37608,-20,5.30718e-05
0,46619,20,0
1,94441,-20,5.30718e-05
