Node_ID,TX_Count,X,Y
0,62824,20,0
1,39812,18.0194,8.67767
2,54159,12.4698,15.6366
3,63517,4.45044,19.4986
4,90737,-4.45039,19.4986
5,48163,-12.4698,15.6367
6,86879,-18.0194,8.67772
7,22487,-20,5.30718e-05
8,15084,-18.0194,-8.67762
9,103391,-12.4698,-15.6366
10,31870,-4.45049,-19.4985
11,66430,4.45034,-19.4986
12,59565,12.4697,-15.6367
13,19244,18.0193,-8.67776
0,87307,20,0
1,1903440,18.0194,8.67767
2,62676,12.4698,15.6366
3,87490,4.45044,19.4986
4,91683,-4.45039,19.4986
5,124696,-12.4698,15.6367
6,218368,-18.0194,8.67772
7,51778,-20,5.30718e-05
8,140378,-18.0194,-8.67762
9,161096,-12.4698,-15.6366
10,51516,-4.45049,-19.4985
11,66384,4.45034,-19.4986
12,345925,12.4697,-15.6367
13,69380,18.0193,-8.67776
0,62478,20,0
1,40601,18.0194,8.67767
2,145449,12.4698,15.6366
3,69927,4.45044,19.4986
4,22378,-4.45039,19.4986
5,22064,-12.4698,15.6367
6,372577,-18.0194,8.67772
7,215297,-20,5.30718e-05
8,946273,-18.0194,-8.67762
9,86020,-12.4698,-15.6366
10,1648446,-4.45049,-19.4985
11,81922,4.45034,-19.4986
12,47739,12.4697,-15.6367
13,153184,18.0193,-8.67776
0,14654,20,0
1,63102,18.0194,8.67767
2,13888,12.4698,15.6366
3,39853,4.45044,19.4986
4,41791,-4.45039,19.4986
5,205373,-12.4698,15.6367
6,13365,-18.0194,8.67772
7,8000326,-20,5.30718e-05
8,171429,-18.0194,-8.67762
9,87634,-12.4698,-15.6366
10,33084,-4.45049,-19.4985
11,227011,4.45034,-19.4986
12,25155,12.4697,-15.6367
13,12200,18.0193,-8.67776
0,199188,20,0
1,24440,18.0194,8.67767
2,215911,12.4698,15.6366
3,19933,4.45044,19.4986
4,74601,-4.45039,19.4986
5,52850,-12.4698,15.6367
6,34435,-18.0194,8.67772
7,68430,-20,5.30718e-05
8,142000,-18.0194,-8.67762
9,240487,-12.4698,-15.6366
10,593912,-4.45049,-19.4985
11,37284,4.45034,-19.4986
12,85888,12.4697,-15.6367
13,290119,18.0193,-8.67776
0,22386,20,0
1,123936,18.0194,8.67767
2,29042,12.4698,15.6366
3,1173961,4.45044,19.4986
4,438965,-4.45039,19.4986
5,55310,-12.4698,15.6367
6,66258,-18.0194,8.67772
7,92137,-20,5.30718e-05
8,122375,-18.0194,-8.67762
9,51323,-12.4698,-15.6366
10,86730,-4.45049,-19.4985
11,37556,4.45034,-19.4986
12,68504,12.4697,-15.6367
13,57818,18.0193,-8.67776
0,629907,20,0
1,33031,18.0194,8.67767
2,86658,12.4698,15.6366
3,38898,4.45044,19.4986
4,13102,-4.45039,19.4986
5,64661,-12.4698,15.6367
6,71903,-18.0194,8.67772
7,668641,-20,5.30718e-05
8,159962,-18.0194,-8.67762
9,72160,-12.4698,-15.6366
10,43975,-4.45049,-19.4985
11,30707,4.45034,-19.4986
12,104264,12.4697,-15.6367
13,733023,18.0193,-8.67776
0,24191,20,0
1,14455,18.0194,8.67767
2,24582,12.4698,15.6366
3,66064,4.45044,19.4986
4,188741,-4.45039,19.4986
5,4361378,-12.4698,15.6367
6,88820,-18.0194,8.67772
7,97135,-20,5.30718e-05
8,67609,-18.0194,-8.67762
9,76824,-12.4698,-15.6366
10,61692,-4.45049,-19.4985
11,63783,4.45034,-19.4986
12,34945,12.4697,-15.6367
13,40126,18.0193,-8.67776
0,4794625,20,0
1,71746,18.0194,8.67767
2,73022,12.4698,15.6366
3,348012,4.45044,19.4986
4,326200,-4.45039,19.4986
5,202745,-12.4698,15.6367
6,92224,-18.0194,8.67772
7,175345,-20,5.30718e-05
8,569450,-18.0194,-8.67762
9,117958,-12.4698,-15.6366
10,274043,-4.45049,-19.4985
11,23716,4.45034,-19.4986
12,16583,12.4697,-15.6367
13,1265213,18.0193,-8.67776
0,33889,20,0
1,2384326,18.0194,8.67767
2,49793,12.4698,15.6366
3,36192,4.45044,19.4986
4,72447,-4.45039,19.4986
5,196364,-12.4698,15.6367
6,226527,-18.0194,8.67772
7,34982,-20,5.30718e-05
8,269893,-18.0194,-8.67762
9,540611,-12.4698,-15.6366
10,43241,-4.45049,-19.4985
11,16308,4.45034,-19.4986
12,12638767,12.4697,-15.6367
13,69654,18.0193,-8.67776
