Node_ID,Overflowed,Timed_Out
0,2041,123
1,1972,109
2,1973,97
3,2072,137
4,1972,119
5,2024,95
6,1914,127
7,2155,127
8,1952,108
9,1916,100
10,1936,109
11,2005,107
12,2048,111
13,2141,104
14,1968,111
15,2073,115
16,1963,129
17,1896,120
0,1984,123
1,2107,126
2,2173,128
3,1869,112
4,1960,112
5,2034,118
6,2114,110
7,2081,117
8,1969,121
9,2066,113
10,1925,116
11,2075,107
12,2189,99
13,2065,136
14,1923,103
15,2023,112
16,2151,128
17,1914,109
0,2034,90
1,2063,130
2,1939,103
3,1951,121
4,2110,107
5,1939,118
6,2070,93
7,1848,105
8,2315,104
9,2232,120
10,2084,115
11,2019,107
12,2056,100
13,2045,94
14,2165,99
15,1997,132
16,2135,128
17,2018,132
0,2048,116
1,2125,124
2,1916,118
3,2034,127
4,2087,120
5,2117,118
6,2000,104
7,1992,107
8,2040,100
9,2131,106
10,2089,109
11,2116,113
12,2014,122
13,1961,109
14,1959,114
15,2017,87
16,2053,123
17,1954,121
0,1987,110
1,1918,116
2,2083,106
3,1820,122
4,2032,120
5,2182,138
6,2047,104
7,2067,112
8,1895,114
9,2041,105
10,1926,116
11,1935,103
12,1880,109
13,2096,106
14,2076,113
15,2143,107
16,1895,91
17,2087,113
0,1844,112
1,2028,113
2,2011,130
3,2044,95
4,2063,120
5,2074,115
6,1986,111
7,2073,127
8,1994,102
9,2166,105
10,1856,101
11,2123,119
12,1897,107
13,2123,98
14,2052,106
15,1897,101
16,1947,127
17,2032,123
0,2130,110
1,2117,115
2,2094,106
3,1995,108
4,2118,102
5,2100,98
6,2122,94
7,2126,127
8,2031,118
9,2075,104
10,2014,125
11,2129,125
12,2097,105
13,2165,97
14,2179,109
15,2077,118
16,2093,107
17,1992,102
0,2042,126
1,1963,115
2,2090,116
3,2076,113
4,2044,112
5,2046,103
6,2028,125
7,1958,110
8,1930,108
9,2029,108
10,2009,103
11,2019,129
12,2095,106
13,1944,101
14,2002,105
15,2077,100
16,2055,124
17,2052,109
0,2098,106
1,1935,128
2,2059,117
3,1979,130
4,2087,101
5,1968,98
6,2069,125
7,1916,111
8,1937,104
9,2226,126
10,2024,117
11,1923,104
12,2128,123
13,1952,121
14,2074,106
15,2020,104
16,2139,102
17,2106,91
0,2010,93
1,1975,122
2,2010,126
3,2056,109
4,2200,115
5,1933,121
6,2018,130
7,2138,102
8,2038,108
9,1973,108
10,2045,118
11,1929,119
12,1939,110
13,2068,104
14,2141,113
15,2116,101
16,2045,108
17,1919,111
