Node_ID,Overflowed,Timed_Out
0,206,27
1,202,17
2,228,24
3,194,16
4,191,16
5,231,20
6,220,23
7,197,14
8,176,20
9,255,25
0,209,21
1,219,25
2,237,31
3,181,25
4,223,20
5,195,18
6,231,16
7,197,17
8,223,22
9,196,25
0,194,15
1,201,29
2,241,22
3,214,24
4,189,18
5,198,20
6,218,19
7,245,23
8,222,19
9,209,20
0,205,25
1,166,24
2,232,23
3,243,18
4,218,26
5,189,10
6,203,25
7,226,21
8,235,21
9,206,24
0,242,20
1,221,22
2,243,15
3,219,20
4,185,17
5,199,19
6,210,12
7,248,29
8,212,21
9,231,20
0,204,20
1,206,15
2,231,21
3,204,21
4,183,18
5,210,17
6,217,20
7,227,15
8,218,22
9,193,30
0,202,17
1,230,20
2,183,29
3,226,23
4,215,11
5,223,23
6,207,18
7,219,17
8,201,21
9,203,14
0,195,15
1,232,17
2,225,27
3,243,16
4,241,18
5,220,16
6,243,14
7,243,15
8,241,20
9,204,20
0,207,30
1,183,21
2,253,19
3,233,16
4,221,13
5,225,21
6,208,13
7,241,12
8,222,17
9,227,34
0,205,19
1,221,11
2,201,17
3,268,17
4,223,22
5,220,25
6,248,19
7,199,15
8,199,20
9,239,15
