Node_ID,Overflowed,Timed_Out
0,0,0
1,0,0
2,0,0
3,1,2
4,0,0
5,0,2
6,0,0
7,0,1375
8,0,0
9,0,0
10,0,0
11,0,0
0,0,137
1,13758,3
2,491929,2
3,0,0
4,0,0
5,0,0
6,0,0
7,0,0
8,0,0
9,1825,3235
10,19802,811
11,0,131
0,0,4221
1,411,0
2,0,2428
3,0,0
4,0,0
5,0,4799
6,163903,56095
7,70104,4014
8,711832,705
9,22508,941
10,1413525,46
11,31,24
0,0,50
1,0,16
2,0,0
3,0,0
4,0,0
5,11322,426
6,0,910
7,7779051,0
8,79869,274
9,1089,5
10,0,12524
11,8478,0
0,11675,16286
1,0,1702
2,17560,1
3,0,9
4,0,585
5,0,0
6,0,0
7,0,0
8,78284,610
9,173740,13104
10,426482,0
11,855,8889
0,0,1
1,91,29
2,0,6680
3,941456,1
4,414231,11071
5,0,460
6,0,0
7,3,0
8,7286,0
9,1938,47
10,1781,0
11,0,0
0,0,1439
1,0,0
2,0,12
3,130239,0
4,0,52
5,0,3288
6,0,0
7,0,0
8,54425,1
9,1605103,2739
10,0,19
11,0,0
0,0,2422
1,0,0
2,0,1
3,422,49
4,63521,154
5,4145106,34
6,36726,12877
7,0,3
8,2721,21
9,4739,51
10,0,517
11,0,0
0,0,14
1,22916,0
2,0,0
3,0,5
4,0,0
5,183,0
6,0,0
7,0,0
8,0,0
9,0,6
10,1170460,0
11,76941,25
0,14112,60
1,0,0
2,0,7
3,5950921,11
4,337,655
5,0,65
6,0,0
7,2859,0
8,148,20
9,37580,2
10,0,9
11,205,14
0,108,6
1,0,66
2,0,3
3,154353,0
4,0,68
5,988,0
6,0,79
7,29670,0
8,0,16643
9,43,5
10,187998,1130
11,0,75
0,0,0
1,0,0
2,0,0
3,0,1
4,1145983,0
5,15855,4316
6,3627,0
7,0,9202
8,332,73
9,16288,2
10,91012,1125
11,0,0
0,0,26685
1,0,0
2,0,0
3,0,1
4,53905,6
5,198403,332
6,0,845
7,496569,28
8,517757,1000
9,0,3950
10,421572,51
11,5415,8
0,0,3931
1,369,0
2,0,0
3,0,0
4,0,0
5,0,1
6,235920,0
7,0,136
8,0,51
9,5907,520
10,317591,42815
11,664,28
0,0,0
1,0,15
2,0,3
3,49615,0
4,43980,0
5,0,702
6,134669,3660
7,0,232
8,1795,45
9,1097,15
10,20030176,0
11,4277,103
0,0,0
1,0,839
2,0,6
3,72640,0
4,1093,0
5,0,24
6,0,0
7,2817,1
8,196792,567
9,3156,89
10,0,44176
11,2536,0
0,0,40
1,0,8
2,0,6580
3,120593,1410
4,0,5218
5,224557,8
6,0,31
7,0,220
8,0,11
9,8342,27
10,55928,1900
11,205098,7767
0,0,278
1,0,0
2,0,0
3,186573,0
4,0,1741
5,36423,231
6,127462,1
7,14529,20
8,11833,3956
9,1321228,0
10,0,811
11,0,957
0,0,0
1,0,0
2,0,0
3,0,0
4,0,0
5,0,0
6,0,2
7,12293,0
8,0,1
9,0,0
10,0,0
11,0,0
0,0,40
1,0,20
2,212052,3658
3,228,6
4,0,3
5,0,12320
6,123455,0
7,11,780
8,0,0
9,0,0
10,1533,0
11,0,1
