Node_ID,Overflowed,Timed_Out
0,195,22
1,167,18
2,151,25
3,179,18
4,181,23
5,198,19
6,174,27
7,158,21
0,170,21
1,171,29
2,157,30
3,143,20
4,156,22
5,153,25
6,136,21
7,177,22
0,167,22
1,180,21
2,204,25
3,182,31
4,186,24
5,168,21
6,183,21
7,174,26
0,178,29
1,175,14
2,227,27
3,181,10
4,159,23
5,177,26
6,176,25
7,204,24
0,201,26
1,140,26
2,171,27
3,184,31
4,129,24
5,167,26
6,166,24
7,162,22
0,163,26
1,157,22
2,183,19
3,163,29
4,202,20
5,201,20
6,148,30
7,173,30
0,143,23
1,178,26
2,212,21
3,194,22
4,169,21
5,190,31
6,166,38
7,163,21
0,147,23
1,161,21
2,177,34
3,170,12
4,171,25
5,167,22
6,174,22
7,180,27
0,207,24
1,195,25
2,200,23
3,139,35
4,196,27
5,187,29
6,154,20
7,186,17
0,153,25
1,181,25
2,157,22
3,184,20
4,153,37
5,152,15
6,136,18
7,180,19
