Node_ID,Overflowed,Timed_Out
0,677898,707
1,0,408
2,73449,1529
3,31162,237
4,250,10
5,0,35
6,0,0
7,6922,18
8,0,55
9,0,46
10,8637,1
11,0,382
12,0,417
13,455653,35
0,0,47
1,0,0
2,0,6
3,0,91
4,0,3487
5,99885,607
6,241731,466
7,0,1193
8,152347,3275
9,647943,859
10,25447,1550
11,1650,1089
12,5438,517
13,1132,101
0,14416,231
1,0,11394
2,0,69
3,1316457,4
4,72,5214
5,0,87
6,0,500
7,0,22
8,875680,13
9,0,11905
10,0,4113
11,54566,361
12,0,1056
13,73859,439
0,5617,93
1,100710,5504
2,0,0
3,0,737
4,13149,1104
5,199,1079
6,9449579,344
7,57749,80
8,7151,1930
9,0,340
10,0,264
11,0,474
12,12255,156
13,141062,361
0,0,129
1,0,18711
2,0,40
3,173640,4228
4,0,118
5,427331,298
6,776,70
7,8494,1701
8,0,2
9,0,7963
10,62190,232
11,160928,251
12,0,1570
13,0,232
0,183359,123
1,105325,2215
2,0,1742
3,475986,49
4,476,514
5,80689,585
6,0,8
7,19,170
8,0,10
9,8914,66
10,0,0
11,0,0
12,0,729
13,0,914
0,0,0
1,0,14279
2,44950,4
3,0,55
4,0,237
5,0,0
6,0,1801
7,0,492
8,52623,2
9,0,21
10,1,23
11,0,6
12,0,1
13,0,70
0,48677,1473
1,233839,2205
2,674924,2313
3,207,1018
4,76007,3811
5,0,184
6,0,14473
7,2669,8
8,0,8
9,0,10
10,0,0
11,0,0
12,0,5304
13,2818,502
0,0,1231
1,0,19
2,0,230
3,2846,1087
4,49816,666
5,1173245,125
6,8870,266
7,5925,14572
8,92,135
9,684907,351
10,0,8
11,0,912
12,999,0
13,8365,0
0,0,6082
1,3953,1720
2,125404,1455
3,83487,181
4,1030,352
5,109592,5117
6,0,249
7,1832956,139
8,34110,730
9,431324,1702
10,37920,237
11,65954,421
12,0,400
13,0,196
0,0,4753
1,11963,186
2,1861213,0
3,0,5163
4,23123,7106
5,218915,764
6,126452,3545
7,5390,1551
8,110517,489
9,1894,10
10,0,183
11,0,11
12,468674,5
13,0,35
0,0,9661
1,0,113
2,13164,105
3,1086,997
4,0,229
5,307880,1855
6,0,108
7,162280,12030
8,2,598
9,39136,546
10,4217,68
11,0,88
12,7,320
13,0,0
0,1362,296
1,0,85
2,0,5382
3,0,0
4,0,57
5,205365,1331
6,173000,147
7,47071,45
8,0,302
9,15222,2378
10,23623,1460
11,58952,78
12,219342,6153
13,36573,6695
0,53658,21
1,0,8154
2,0,31
3,0,74
4,0,110
5,367170,744
6,1131469,462
7,56840,6069
8,58266,441
9,0,142
10,0,60
11,0,18
12,0,1535
13,0,17
0,0,166
1,2715,48
2,0,0
3,54680,4678
4,0,18
5,148023,50121
6,0,325
7,91645,6432
8,37769,1611
9,925224,4122
10,5050835,847
11,6627,1850
12,20362,1514
13,3433,7
0,11575,1003
1,201585,902
2,63630,894
3,0,23556
4,46855,2474
5,12996,472
6,2223381,455
7,63935,934
8,0,930
9,0,1
10,5700,0
11,0,35
12,431,33
13,0,3
0,29809,24978
1,280243,108
2,13358,887
3,8790,1274
4,18647,158
5,711822,17
6,0,3409
7,14315,5173
8,12498,798
9,5228848,476
10,260727,6015
11,0,2277
12,669071,2585
13,0,687
0,14416,231
1,0,11394
2,0,69
3,1316457,4
4,72,5214
5,0,87
6,0,500
7,0,22
8,875680,13
9,0,11905
10,0,4113
11,54566,361
12,0,1056
13,73859,439
0,0,91
1,0,9
2,8971,40
3,652,14
4,366,191
5,0,1
6,27208,3
7,0,9
8,0,334
9,0,89
10,9944596,9
11,0,520
12,54645,1919
13,146649,36
0,0,9083
1,2821,658
2,0,762
3,10792,838
4,8067,244
5,498492,222
6,0,180
7,0,69
8,0,1
9,16436,291
10,10805,25
11,17677,1591
12,112102,6400
13,58744,11
