Node_ID,Overflowed,Timed_Out
0,1258,123
1,1288,117
2,1334,128
3,1160,105
4,1326,115
5,1280,116
6,1383,120
7,1254,116
8,1306,116
9,1280,122
10,1295,97
11,1352,98
12,1255,106
13,1141,112
14,1209,100
15,1267,111
0,1330,105
1,1261,122
2,1305,119
3,1373,103
4,1298,107
5,1159,103
6,1400,123
7,1213,123
8,1342,114
9,1276,120
10,1292,112
11,1264,114
12,1303,111
13,1191,118
14,1348,131
15,1260,110
0,1304,137
1,1343,108
2,1318,116
3,1288,124
4,1320,123
5,1342,127
6,1291,123
7,1212,104
8,1263,119
9,1308,104
10,1274,118
11,1225,112
12,1235,135
13,1210,131
14,1348,122
15,1382,99
0,1225,106
1,1271,118
2,1231,130
3,1199,94
4,1160,134
5,1265,105
6,1371,110
7,1284,123
8,1335,103
9,1255,106
10,1368,109
11,1309,121
12,1210,127
13,1104,114
14,1200,133
15,1332,121
0,1297,105
1,1256,122
2,1307,88
3,1221,115
4,1261,112
5,1178,130
6,1290,109
7,1265,115
8,1309,117
9,1257,130
10,1299,126
11,1302,131
12,1201,112
13,1302,110
14,1358,113
15,1422,99
0,1231,103
1,1336,103
2,1347,96
3,1341,130
4,1213,115
5,1296,134
6,1283,123
7,1297,120
8,1246,119
9,1182,118
10,1236,121
11,1307,118
12,1177,101
13,1282,127
14,1230,122
15,1289,122
0,1264,122
1,1298,107
2,1307,113
3,1245,102
4,1345,113
5,1373,109
6,1347,136
7,1205,120
8,1205,112
9,1302,102
10,1285,106
11,1301,121
12,1325,116
13,1284,116
14,1316,115
15,1231,107
0,1388,110
1,1298,127
2,1228,118
3,1323,130
4,1197,125
5,1205,105
6,1207,113
7,1334,111
8,1235,108
9,1406,113
10,1260,117
11,1141,120
12,1187,101
13,1255,113
14,1161,117
15,1215,123
0,1294,115
1,1204,100
2,1285,133
3,1227,127
4,1295,124
5,1205,105
6,1274,116
7,1343,133
8,1315,130
9,1401,117
10,1249,123
11,1135,102
12,1290,102
13,1165,104
14,1283,132
15,1318,90
0,1286,117
1,1275,114
2,1283,124
3,1333,113
4,1214,113
5,1260,125
6,1292,108
7,1210,109
8,1198,113
9,1319,131
10,1285,99
11,1317,117
12,1186,96
13,1262,101
14,1281,113
15,1336,117
