Node_ID,Overflowed,Timed_Out
0,62812,0
1,39805,0
2,54153,0
3,63504,0
4,90730,0
5,0,0
6,86873,0
7,22481,0
8,15068,0
9,103379,0
10,31864,0
11,66423,0
12,59559,0
13,19238,0
14,452369,0
15,548475,0
16,2447873,0
17,0,0
18,33200,0
19,24500,0
0,25078,0
1,149095,0
2,657154,0
3,34700,0
4,82942,0
5,63967,0
6,38544,0
7,0,0
8,34197,0
9,37842,0
10,180461,0
11,39234,0
12,831237,0
13,94857,0
14,0,0
15,169141,0
16,148620,0
17,43340,0
18,27175,0
19,0,0
0,62472,0
1,40593,0
2,145440,0
3,0,0
4,22372,0
5,22058,0
6,372571,0
7,215287,0
8,946188,0
9,86014,0
10,1412948,0
11,81916,0
12,47733,0
13,153178,0
14,44327,0
15,55937,0
16,1830934,0
17,61091,0
18,166608,0
19,93223,0
0,0,0
1,63089,0
2,13877,0
3,39847,0
4,0,0
5,205353,0
6,13359,0
7,8000317,0
8,171423,0
9,87628,0
10,33075,0
11,226992,0
12,0,0
13,12194,0
14,279420,0
15,54960,0
16,5539094,0
17,102308,0
18,1107048,0
19,15915,0
0,199180,0
1,24433,0
2,0,0
3,19926,0
4,74593,0
5,0,0
6,34429,0
7,68423,0
8,141992,0
9,240481,0
10,593904,0
11,37278,0
12,85882,0
13,290107,0
14,0,0
15,156086,0
16,93470,0
17,142408,0
18,50450,0
19,57656,0
0,22380,0
1,123930,0
2,29031,0
3,939164,0
4,438959,0
5,55304,0
6,66249,0
7,92131,0
8,122368,0
9,0,0
10,86718,0
11,37549,0
12,68498,0
13,0,0
14,48219,0
15,10794,0
16,29166,0
17,93783,0
18,0,0
19,28798,0
0,0,0
1,71006,0
2,23698,0
3,249120,0
4,0,0
5,36042,0
6,45577,0
7,11284,0
8,168334,0
9,1741284,0
10,49508,0
11,26597,0
12,37518,0
13,2140138,0
14,422518,0
15,141466,0
16,43044,0
17,25260,0
18,225787,0
19,46696,0
0,24184,0
1,0,0
2,24576,0
3,66058,0
4,188734,0
5,4131826,0
6,88814,0
7,97129,0
8,67603,0
9,0,0
10,61682,0
11,63777,0
12,34934,0
13,0,0
14,51711,0
15,90037,0
16,146541,0
17,0,0
18,123056,0
19,202484,0
0,33243,0
1,184355,0
2,28748,0
3,14808,0
4,13890,0
5,82756,0
6,0,0
7,33456,0
8,48721,0
9,39049,0
10,1401886,0
11,141053,0
12,829260,0
13,25697,0
14,0,0
15,43893,0
16,168862,0
17,117070,0
18,5057025,0
19,112681,0
0,69299,0
1,33698,0
2,0,0
3,6188492,0
4,134881,0
5,0,0
6,69457,0
7,130494,0
8,64527,0
9,199936,0
10,30437,0
11,119343,0
12,64584,0
13,8251602,0
14,44706,0
15,212079,0
16,18519,0
17,106646,0
18,35810,0
19,34684,0
0,48387,0
1,104272,0
2,45958,0
3,279778,0
4,15191,0
5,117452,0
6,0,0
7,186593,0
8,56738,0
9,95773,0
10,170698,0
11,63642,0
12,68470,0
13,34295,0
14,18399,0
15,531995,0
16,229488,0
17,0,0
18,186480,0
19,183074,0
0,0,0
1,21925,0
2,22501,0
3,29546,0
4,1140003,0
5,42480,0
6,105055,0
7,68406,0
8,46589,0
9,0,0
10,157282,0
11,39425,0
12,32720,0
13,26320,0
14,33490,0
15,1115469,0
16,402950,0
17,35927,0
18,182870,0
19,169995,0
0,148377,0
1,15745,0
2,33984,0
3,0,0
4,214208,0
5,339566,0
6,20913,0
7,468767,0
8,638388,0
9,63750,0
10,533889,0
11,103747,0
12,45272,0
13,89175,0
14,889840,0
15,231448,0
16,84485,0
17,773786,0
18,141552,0
19,0,0
0,25528,0
1,107210,0
2,61722,0
3,16040,0
4,37464,0
5,29512,0
6,234586,0
7,18947,0
8,53224,0
9,55078,0
10,519348,0
11,118082,0
12,0,0
13,85774,0
14,62350,0
15,41099,0
16,56166,0
17,780902,0
18,60595,0
19,34383,0
0,68625,0
1,17019,0
2,0,0
3,150670,0
4,200153,0
5,43119,0
6,273382,0
7,100333,0
8,51636,0
9,94172,0
10,20259961,0
11,0,0
12,23110,0
13,139938,0
14,56134,0
15,0,0
16,26805,0
17,743042,0
18,143180,0
19,147232,0
0,15521,0
1,0,0
2,5591,0
3,201154,0
4,111617,0
5,37129,0
6,0,0
7,131454,0
8,340563,0
9,103199,0
10,0,0
11,109557,0
12,40426,0
13,21696,0
14,65453,0
15,175999,0
16,0,0
17,60607,0
18,63922,0
19,22318,0
0,24476,0
1,0,0
2,152948,0
3,243084,0
4,94423,0
5,400448,0
6,0,0
7,86864,0
8,61535,0
9,109305,0
10,97124,0
11,208405,0
12,84388,0
13,56777,0
14,282928,0
15,67978,0
16,0,0
17,41614,0
18,109565,0
19,27616,0
0,0,0
1,54321,0
2,16435,0
3,323576,0
4,0,0
5,110777,0
6,242148,0
7,166684,0
8,50316,0
9,1510439,0
10,16984,0
11,0,0
12,62589,0
13,227871,0
14,189381,0
15,20870755,0
16,195112,0
17,106251,0
18,82936,0
19,177005,0
0,90143,0
1,29662,0
2,37413,0
3,24685,0
4,103404,0
5,0,0
6,22342,0
7,212428,0
8,36917,0
9,45946,0
10,0,0
11,25605,0
12,36121,0
13,24488,0
14,241860,0
15,126934,0
16,107128,0
17,31670,0
18,152418,0
19,268435,0
0,38289,0
1,60689,0
2,187270,0
3,98649,0
4,32887,0
5,69888,0
6,116510,0
7,26025,0
8,16075,0
9,12047,0
10,0,0
11,14145,0
12,186819,0
13,1871932,0
14,17118,0
15,19620,0
16,143629,0
17,135371,0
18,99352,0
19,69951,0
