Node_ID,Overflowed,Timed_Out
0,0,0
1,0,0
2,0,0
3,0,0
4,0,0
5,0,0
0,0,0
1,312,0
2,442070,0
3,0,0
4,0,0
5,0,0
0,0,5
1,0,0
2,0,0
3,0,0
4,0,0
5,0,33
0,0,0
1,0,0
2,0,0
3,0,0
4,0,0
5,242,0
0,585,127
1,0,0
2,305,0
3,0,0
4,0,0
5,0,0
0,0,0
1,0,0
2,0,326
3,941140,0
4,256099,0
5,0,0
0,0,9
1,0,0
2,0,0
3,115085,0
4,0,0
5,0,94
0,0,122
1,0,0
2,0,0
3,0,0
4,11812,0
5,4135629,0
0,0,0
1,692,0
2,0,0
3,0,0
4,0,0
5,0,0
0,0,0
1,0,0
2,0,0
3,5952143,0
4,0,0
5,0,0
0,0,0
1,0,0
2,0,0
3,134753,0
4,0,0
5,0,0
0,0,0
1,0,0
2,0,0
3,0,0
4,1141249,0
5,0,0
0,0,370
1,0,0
2,0,0
3,0,0
4,1541,0
5,171650,0
0,0,20
1,0,0
2,0,0
3,0,0
4,0,0
5,0,0
0,0,0
1,0,0
2,0,0
3,4188,0
4,6301,0
5,0,0
0,0,0
1,0,2
2,0,0
3,1529,0
4,0,0
5,0,0
0,0,0
1,0,0
2,0,0
3,115006,0
4,0,0
5,201080,0
0,0,0
1,0,0
2,0,0
3,161987,0
4,0,0
5,0,0
0,0,0
1,0,0
2,0,0
3,0,0
4,0,0
5,0,0
0,0,0
1,0,0
2,188307,0
3,0,0
4,0,0
5,0,93
