Node_ID,Overflowed,Timed_Out
0,0,0
1,0,0
2,0,0
3,0,0
0,0,0
1,0,0
2,0,0
3,0,0
0,0,0
1,161769,0
2,0,0
3,0,0
0,0,0
1,0,0
2,0,0
3,0,0
0,0,0
1,0,0
2,0,0
3,0,0
0,0,0
1,0,0
2,0,0
3,0,0
0,0,0
1,192059,0
2,0,0
3,0,0
0,0,0
1,414384,0
2,0,0
3,0,0
0,0,0
1,0,0
2,122651,0
3,0,0
0,0,0
1,0,0
2,0,0
3,0,0
0,0,0
1,129383,0
2,0,0
3,0,0
0,0,0
1,0,0
2,218285,0
3,0,0
0,0,0
1,0,0
2,0,0
3,0,0
0,0,0
1,0,0
2,0,0
3,0,0
0,1239470,0
1,0,0
2,0,0
3,0,0
0,0,0
1,0,0
2,0,0
3,0,0
0,0,0
1,0,0
2,0,0
3,0,0
0,0,0
1,161769,0
2,0,0
3,0,0
0,0,0
1,0,0
2,0,0
3,0,0
0,0,0
1,0,0
2,0,0
3,0,0
