Node_ID,TX_Count,X,Y
0,62824,20,0
1,39812,6.18036,19.0211
2,54159,-16.1803,11.7557
3,63517,-16.1804,-11.7557
4,90737,6.18026,-19.0212
0,62824,20,0
1,39812,6.18036,19.0211
2,54159,-16.1803,11.7557
3,63517,-16.1804,-11.7557
4,90737,6.18026,-19.0212
0,62824,20,0
1,39812,6.18036,19.0211
2,54159,-16.1803,11.7557
3,63517,-16.1804,-11.7557
4,90737,6.18026,-19.0212
0,62824,20,0
1,39812,10,17.3205
2,54159,-9.99997,17.3205
3,63517,-20,5.30718e-05
4,90737,-10.0001,-17.3205
5,48163,9.99992,-17.3206
0,62824,20,0
1,39812,10,17.3205
2,54159,-9.99997,17.3205
3,63517,-20,5.30718e-05
4,90737,-10.0001,-17.3205
5,48163,9.99992,-17.3206
0,62824,20,0
1,39812,10,17.3205
2,54159,-9.99997,17.3205
3,63517,-20,5.30718e-05
4,90737,-10.0001,-17.3205
5,48163,9.99992,-17.3206
0,62824,20,0
1,39812,10,17.3205
2,54159,-9.99997,17.3205
3,63517,-20,5.30718e-05
4,90737,-10.0001,-17.3205
5,48163,9.99992,-17.3206
0,62824,20,0
1,39812,10,17.3205
2,54159,-9.99997,17.3205
3,63517,-20,5.30718e-05
4,90737,-10.0001,-17.3205
5,48163,9.99992,-17.3206
0,62824,20,0
1,39812,10,17.3205
2,54159,-9.99997,17.3205
3,63517,-20,5.30718e-05
4,90737,-10.0001,-17.3205
5,48163,9.99992,-17.3206
0,62824,20,0
1,39812,10,17.3205
2,54159,-9.99997,17.3205
3,63517,-20,5.30718e-05
4,90737,-10.0001,-17.3205
5,48163,9.99992,-17.3206
