Node_ID,TX_Count,X,Y
0,62824,20,0
1,39812,-20,5.30718e-05
0,62824,20,0
1,39812,-20,5.30718e-05
0,62824,20,0
1,39812,-20,5.30718e-05
0,62824,20,0
1,39812,-20,5.30718e-05
0,62824,20,0
1,39812,-20,5.30718e-05
0,25084,20,0
1,149102,-20,5.30718e-05
0,62478,20,0
1,40601,-20,5.30718e-05
0,14654,20,0
1,63102,-20,5.30718e-05
0,199188,20,0
1,24440,-20,5.30718e-05
0,22386,20,0
1,123936,-20,5.30718e-05
0,47579,20,0
1,71012,-20,5.30718e-05
0,24191,20,0
1,14455,-20,5.30718e-05
0,33251,20,0
1,184362,-20,5.30718e-05
0,69307,20,0
1,33704,-20,5.30718e-05
0,48393,20,0
1,104332,-20,5.30718e-05
0,56367,20,0
1,21931,-20,5.30718e-05
0,148391,20,0
1,15760,-20,5.30718e-05
0,25534,20,0
1,107217,-20,5.30718e-05
0,68648,20,0
1,17026,-20,5.30718e-05
0,15532,20,0
1,41586,-20,5.30718e-05
0,24496,20,0
1,57278,-20,5.30718e-05
0,38349,20,0
1,54329,-20,5.30718e-05
0,90149,20,0
1,29671,-20,5.30718e-05
0,38295,20,0
1,60695,-20,5.30718e-05
