Time_RX,Time_TX,ID,Seqno,Size
0.013173,0.01,0,1,64
0.023173,0.02,0,2,64
0.033173,0.03,0,3,64
0.043173,0.04,0,4,64
0.093173,0.09,0,9,64
0.103173,0.1,0,10,64
0.113173,0.11,0,11,64
0.133173,0.13,0,13,64
0.153173,0.15,0,15,64
0.173173,0.17,0,17,64
0.193173,0.19,0,19,64
0.203173,0.2,0,20,64
0.213173,0.21,0,21,64
0.223173,0.22,0,22,64
0.233173,0.23,0,23,64
0.243173,0.24,0,24,64
0.253173,0.25,0,25,64
0.263173,0.26,0,26,64
0.273173,0.27,0,27,64
0.293173,0.29,0,29,64
0.313173,0.31,0,31,64
0.383173,0.38,0,38,64
0.393173,0.39,0,39,64
0.403173,0.4,0,40,64
0.413173,0.41,0,41,64
0.433173,0.43,0,43,64
0.443173,0.44,0,44,64
0.473173,0.47,0,47,64
0.483173,0.48,0,48,64
0.513173,0.51,0,51,64
0.523173,0.52,0,52,64
0.533173,0.53,0,53,64
0.543173,0.54,0,54,64
0.553173,0.55,0,55,64
0.563173,0.56,0,56,64
0.583173,0.58,0,58,64
0.593173,0.59,0,59,64
0.613173,0.61,0,61,64
0.633173,0.63,0,63,64
0.643173,0.64,0,64,64
0.653173,0.65,0,65,64
0.673173,0.67,0,67,64
0.683173,0.68,0,68,64
0.693173,0.69,0,69,64
0.703173,0.7,0,70,64
0.713173,0.71,0,71,64
0.733173,0.73,0,73,64
0.753173,0.75,0,75,64
0.763173,0.76,0,76,64
0.783173,0.78,0,78,64
0.793173,0.79,0,79,64
0.803173,0.8,0,80,64
0.813173,0.81,0,81,64
0.833173,0.83,0,83,64
0.843173,0.84,0,84,64
0.853173,0.85,0,85,64
0.863173,0.86,0,86,64
0.873173,0.87,0,87,64
0.913173,0.91,0,91,64
0.923173,0.92,0,92,64
0.933173,0.93,0,93,64
0.963173,0.96,0,96,64
1.00317,1,0,100,64
1.01317,1.01,0,101,64
1.03317,1.03,0,103,64
1.04317,1.04,0,104,64
1.06317,1.06,0,106,64
1.07317,1.07,0,107,64
1.08317,1.08,0,108,64
1.09317,1.09,0,109,64
1.10317,1.1,0,110,64
1.11317,1.11,0,111,64
1.13317,1.13,0,113,64
1.15317,1.15,0,115,64
1.18317,1.18,0,118,64
1.19317,1.19,0,119,64
1.20317,1.2,0,120,64
1.21317,1.21,0,121,64
1.24317,1.24,0,124,64
1.25317,1.25,0,125,64
1.26317,1.26,0,126,64
1.27317,1.27,0,127,64
1.30317,1.3,0,130,64
1.31317,1.31,0,131,64
1.35317,1.35,0,135,64
1.37317,1.37,0,137,64
1.42317,1.42,0,142,64
1.44317,1.44,0,144,64
1.45317,1.45,0,145,64
1.48317,1.48,0,148,64
1.49317,1.49,0,149,64
1.50317,1.5,0,150,64
1.52317,1.52,0,152,64
1.54317,1.54,0,154,64
1.55317,1.55,0,155,64
1.59317,1.59,0,159,64
1.66317,1.66,0,166,64
1.67317,1.67,0,167,64
1.68317,1.68,0,168,64
1.70317,1.7,0,170,64
1.74317,1.74,0,174,64
1.75317,1.75,0,175,64
1.76317,1.76,0,176,64
1.77317,1.77,0,177,64
1.78317,1.78,0,178,64
1.79317,1.79,0,179,64
1.80317,1.8,0,180,64
1.82317,1.82,0,182,64
1.83317,1.83,0,183,64
1.85317,1.85,0,185,64
1.86317,1.86,0,186,64
1.87317,1.87,0,187,64
1.88317,1.88,0,188,64
1.89317,1.89,0,189,64
1.93317,1.93,0,193,64
1.94317,1.94,0,194,64
1.95317,1.95,0,195,64
1.96317,1.96,0,196,64
1.99317,1.99,0,199,64
2.00317,2,0,200,64
2.01317,2.01,0,201,64
2.02317,2.02,0,202,64
2.03317,2.03,0,203,64
2.04317,2.04,0,204,64
2.05317,2.05,0,205,64
2.06317,2.06,0,206,64
2.07317,2.07,0,207,64
2.08317,2.08,0,208,64
2.09317,2.09,0,209,64
2.10317,2.1,0,210,64
2.11317,2.11,0,211,64
2.12317,2.12,0,212,64
2.15317,2.15,0,215,64
2.16317,2.16,0,216,64
2.17317,2.17,0,217,64
2.19317,2.19,0,219,64
2.23317,2.23,0,223,64
2.24317,2.24,0,224,64
2.25317,2.25,0,225,64
2.26317,2.26,0,226,64
2.27317,2.27,0,227,64
2.29317,2.29,0,229,64
2.31317,2.31,0,231,64
2.32317,2.32,0,232,64
2.33317,2.33,0,233,64
2.35317,2.35,0,235,64
2.36317,2.36,0,236,64
2.39317,2.39,0,239,64
2.40317,2.4,0,240,64
2.41317,2.41,0,241,64
2.44317,2.44,0,244,64
2.45317,2.45,0,245,64
2.46317,2.46,0,246,64
2.50317,2.5,0,250,64
2.52317,2.52,0,252,64
2.55317,2.55,0,255,64
2.56317,2.56,0,256,64
2.60317,2.6,0,260,64
2.62317,2.62,0,262,64
2.64317,2.64,0,264,64
2.65317,2.65,0,265,64
2.66317,2.66,0,266,64
2.68317,2.68,0,268,64
2.69317,2.69,0,269,64
2.70317,2.7,0,270,64
2.71317,2.71,0,271,64
2.73317,2.73,0,273,64
2.74317,2.74,0,274,64
2.75317,2.75,0,275,64
2.76317,2.76,0,276,64
2.77317,2.77,0,277,64
2.78317,2.78,0,278,64
2.79317,2.79,0,279,64
2.80317,2.8,0,280,64
2.82317,2.82,0,282,64
2.83317,2.83,0,283,64
2.84317,2.84,0,284,64
2.85317,2.85,0,285,64
2.86317,2.86,0,286,64
2.87317,2.87,0,287,64
2.95317,2.95,0,295,64
2.97317,2.97,0,297,64
2.99317,2.99,0,299,64
3.04317,3.04,0,304,64
3.05317,3.05,0,305,64
3.07317,3.07,0,307,64
3.09317,3.09,0,309,64
3.11317,3.11,0,311,64
3.13317,3.13,0,313,64
3.14317,3.14,0,314,64
3.15317,3.15,0,315,64
3.16317,3.16,0,316,64
3.17317,3.17,0,317,64
3.21317,3.21,0,321,64
3.22317,3.22,0,322,64
3.23317,3.23,0,323,64
3.24317,3.24,0,324,64
3.25317,3.25,0,325,64
3.26317,3.26,0,326,64
3.27317,3.27,0,327,64
3.28317,3.28,0,328,64
3.29317,3.29,0,329,64
3.30317,3.3,0,330,64
3.32317,3.32,0,332,64
3.34317,3.34,0,334,64
3.35317,3.35,0,335,64
3.39317,3.39,0,339,64
3.41317,3.41,0,341,64
3.42317,3.42,0,342,64
3.43317,3.43,0,343,64
3.44317,3.44,0,344,64
3.45317,3.45,0,345,64
3.46317,3.46,0,346,64
3.47317,3.47,0,347,64
3.50317,3.5,0,350,64
3.51317,3.51,0,351,64
3.52317,3.52,0,352,64
3.55317,3.55,0,355,64
3.56317,3.56,0,356,64
3.61317,3.61,0,361,64
3.63317,3.63,0,363,64
3.65317,3.65,0,365,64
3.66317,3.66,0,366,64
3.69317,3.69,0,369,64
3.70317,3.7,0,370,64
3.71317,3.71,0,371,64
3.73317,3.73,0,373,64
3.74317,3.74,0,374,64
3.78317,3.78,0,378,64
3.79317,3.79,0,379,64
3.80317,3.8,0,380,64
3.82317,3.82,0,382,64
3.83317,3.83,0,383,64
3.85317,3.85,0,385,64
3.88317,3.88,0,388,64
3.89317,3.89,0,389,64
3.90317,3.9,0,390,64
3.91317,3.91,0,391,64
3.92317,3.92,0,392,64
3.93317,3.93,0,393,64
3.96317,3.96,0,396,64
3.98317,3.98,0,398,64
3.99317,3.99,0,399,64
4.00317,4,0,400,64
4.01317,4.01,0,401,64
4.02317,4.02,0,402,64
4.08317,4.08,0,408,64
4.09317,4.09,0,409,64
4.10317,4.1,0,410,64
4.11317,4.11,0,411,64
4.12317,4.12,0,412,64
4.14317,4.14,0,414,64
4.15317,4.15,0,415,64
4.17317,4.17,0,417,64
4.18317,4.18,0,418,64
4.23317,4.23,0,423,64
4.24317,4.24,0,424,64
4.25317,4.25,0,425,64
4.28317,4.28,0,428,64
4.30317,4.3,0,430,64
4.32317,4.32,0,432,64
4.33317,4.33,0,433,64
4.34317,4.34,0,434,64
4.35317,4.35,0,435,64
4.37317,4.37,0,437,64
4.38317,4.38,0,438,64
4.39317,4.39,0,439,64
4.40317,4.4,0,440,64
4.43317,4.43,0,443,64
4.44317,4.44,0,444,64
4.45317,4.45,0,445,64
4.48317,4.48,0,448,64
4.49317,4.49,0,449,64
4.53317,4.53,0,453,64
4.54317,4.54,0,454,64
4.57317,4.57,0,457,64
4.59317,4.59,0,459,64
4.63317,4.63,0,463,64
4.64317,4.64,0,464,64
4.65317,4.65,0,465,64
4.67317,4.67,0,467,64
4.69317,4.69,0,469,64
4.70317,4.7,0,470,64
4.72317,4.72,0,472,64
4.73317,4.73,0,473,64
4.78317,4.78,0,478,64
4.79317,4.79,0,479,64
4.80317,4.8,0,480,64
4.81317,4.81,0,481,64
4.82317,4.82,0,482,64
4.83317,4.83,0,483,64
4.86317,4.86,0,486,64
4.89317,4.89,0,489,64
4.93317,4.93,0,493,64
4.94317,4.94,0,494,64
4.96317,4.96,0,496,64
4.98317,4.98,0,498,64
4.99317,4.99,0,499,64
5.01317,5.01,0,501,64
5.03317,5.03,0,503,64
5.05317,5.05,0,505,64
5.07317,5.07,0,507,64
5.09317,5.09,0,509,64
5.10317,5.1,0,510,64
5.11317,5.11,0,511,64
5.13317,5.13,0,513,64
5.14317,5.14,0,514,64
5.15317,5.15,0,515,64
5.16317,5.16,0,516,64
5.17317,5.17,0,517,64
5.18317,5.18,0,518,64
5.21317,5.21,0,521,64
5.22317,5.22,0,522,64
5.24317,5.24,0,524,64
5.26317,5.26,0,526,64
5.28317,5.28,0,528,64
5.31317,5.31,0,531,64
5.33317,5.33,0,533,64
5.34317,5.34,0,534,64
5.37317,5.37,0,537,64
5.38317,5.38,0,538,64
5.41317,5.41,0,541,64
5.42317,5.42,0,542,64
5.43317,5.43,0,543,64
5.44317,5.44,0,544,64
5.45317,5.45,0,545,64
5.46317,5.46,0,546,64
5.47317,5.47,0,547,64
5.48317,5.48,0,548,64
5.50317,5.5,0,550,64
5.51317,5.51,0,551,64
5.52317,5.52,0,552,64
5.54317,5.54,0,554,64
5.55317,5.55,0,555,64
5.56317,5.56,0,556,64
5.57317,5.57,0,557,64
5.58317,5.58,0,558,64
5.59317,5.59,0,559,64
5.62317,5.62,0,562,64
5.63317,5.63,0,563,64
5.65317,5.65,0,565,64
5.67317,5.67,0,567,64
5.74317,5.74,0,574,64
5.75317,5.75,0,575,64
5.76317,5.76,0,576,64
5.77317,5.77,0,577,64
5.79317,5.79,0,579,64
5.82317,5.82,0,582,64
5.84317,5.84,0,584,64
5.85317,5.85,0,585,64
5.86317,5.86,0,586,64
5.87317,5.87,0,587,64
5.88317,5.88,0,588,64
5.90317,5.9,0,590,64
5.92317,5.92,0,592,64
5.93317,5.93,0,593,64
5.96317,5.96,0,596,64
5.97317,5.97,0,597,64
5.99317,5.99,0,599,64
6.00317,6,0,600,64
6.03317,6.03,0,603,64
6.06317,6.06,0,606,64
6.07317,6.07,0,607,64
6.08317,6.08,0,608,64
6.09317,6.09,0,609,64
6.10317,6.1,0,610,64
6.11317,6.11,0,611,64
6.12317,6.12,0,612,64
6.14317,6.14,0,614,64
6.15317,6.15,0,615,64
6.16317,6.16,0,616,64
6.19317,6.19,0,619,64
6.20317,6.2,0,620,64
6.21317,6.21,0,621,64
6.22317,6.22,0,622,64
6.24317,6.24,0,624,64
6.25317,6.25,0,625,64
6.29317,6.29,0,629,64
6.33317,6.33,0,633,64
6.35317,6.35,0,635,64
6.37317,6.37,0,637,64
6.38317,6.38,0,638,64
6.39317,6.39,0,639,64
6.41317,6.41,0,641,64
6.42317,6.42,0,642,64
6.43317,6.43,0,643,64
6.45317,6.45,0,645,64
6.47317,6.47,0,647,64
6.50317,6.5,0,650,64
6.53317,6.53,0,653,64
6.54317,6.54,0,654,64
6.56317,6.56,0,656,64
6.57317,6.57,0,657,64
6.58317,6.58,0,658,64
6.59317,6.59,0,659,64
6.62317,6.62,0,662,64
6.63317,6.63,0,663,64
6.67317,6.67,0,667,64
6.72317,6.72,0,672,64
6.73317,6.73,0,673,64
6.74317,6.74,0,674,64
6.75317,6.75,0,675,64
6.78317,6.78,0,678,64
6.79317,6.79,0,679,64
6.81317,6.81,0,681,64
6.82317,6.82,0,682,64
6.84317,6.84,0,684,64
6.86317,6.86,0,686,64
6.88317,6.88,0,688,64
6.89317,6.89,0,689,64
6.90317,6.9,0,690,64
6.92317,6.92,0,692,64
6.93317,6.93,0,693,64
6.94317,6.94,0,694,64
6.95317,6.95,0,695,64
6.97317,6.97,0,697,64
6.98317,6.98,0,698,64
6.99317,6.99,0,699,64
7.00317,7,0,700,64
7.02317,7.02,0,702,64
7.07317,7.07,0,707,64
7.11317,7.11,0,711,64
7.12317,7.12,0,712,64
7.13317,7.13,0,713,64
7.15317,7.15,0,715,64
7.24317,7.24,0,724,64
7.25317,7.25,0,725,64
7.27317,7.27,0,727,64
7.28317,7.28,0,728,64
7.29317,7.29,0,729,64
7.30317,7.3,0,730,64
7.32317,7.32,0,732,64
7.35317,7.35,0,735,64
7.37317,7.37,0,737,64
7.40317,7.4,0,740,64
7.41317,7.41,0,741,64
7.42317,7.42,0,742,64
7.43317,7.43,0,743,64
7.45317,7.45,0,745,64
7.46317,7.46,0,746,64
7.47317,7.47,0,747,64
7.49317,7.49,0,749,64
7.50317,7.5,0,750,64
7.53317,7.53,0,753,64
7.54317,7.54,0,754,64
7.58317,7.58,0,758,64
7.59317,7.59,0,759,64
7.60317,7.6,0,760,64
7.62317,7.62,0,762,64
7.63317,7.63,0,763,64
7.64317,7.64,0,764,64
7.65317,7.65,0,765,64
7.67317,7.67,0,767,64
7.69317,7.69,0,769,64
7.71317,7.71,0,771,64
7.72317,7.72,0,772,64
7.73317,7.73,0,773,64
7.74317,7.74,0,774,64
7.75317,7.75,0,775,64
7.78317,7.78,0,778,64
7.79317,7.79,0,779,64
7.80317,7.8,0,780,64
7.83317,7.83,0,783,64
7.84317,7.84,0,784,64
7.85317,7.85,0,785,64
